1.000000 0.000000 0.000000 0.000000 0.000000 1.000000 0.000000 -0.000000 0.000000 0.000000 1.000000 0.000000
0.999139 0.001831 -0.041458 -0.228611 -0.001877 0.999998 -0.001061 0.015322 0.041456 0.001138 0.999140 7.588434
0.998282 0.004122 -0.058449 -0.737261 -0.004466 0.999973 -0.005759 -0.010012 0.058424 0.006010 0.998274 16.254166
0.998270 0.004720 -0.058609 -1.357280 -0.004502 0.999982 0.003850 -0.020353 0.058627 -0.003580 0.998274 25.620911
0.997928 -0.011334 -0.063330 -1.975857 0.011212 0.999935 -0.002271 -0.022634 0.063352 0.001557 0.997990 35.534672
0.997564 -0.002045 -0.069725 -2.689288 0.002572 0.999969 0.007467 -0.014107 0.069708 -0.007629 0.997538 45.676323
0.997148 -0.012047 -0.074500 -3.429755 0.012556 0.999901 0.006359 -0.007773 0.074416 -0.007276 0.997201 55.474651
0.996519 0.002023 -0.083343 -4.215403 -0.001530 0.999981 0.005973 0.004391 0.083353 -0.005825 0.996503 64.772102
0.995189 0.013079 -0.097101 -5.010480 -0.013115 0.999914 0.000277 0.015446 0.097096 0.000998 0.995274 72.830925
0.996639 0.004228 -0.081814 -5.641160 -0.004152 0.999991 0.001099 -0.034450 0.081818 -0.000756 0.996647 79.104660
0.987063 0.009870 0.160029 -5.337935 -0.011246 0.999907 0.007695 -0.051046 -0.159938 -0.009395 0.987082 83.907677
0.725786 0.016887 0.687714 -3.113792 -0.014360 0.999853 -0.009396 -0.108568 -0.687771 -0.003056 0.725921 87.167877
0.298505 0.015711 0.954279 0.430296 0.011683 0.999729 -0.020114 -0.182425 -0.954336 0.017153 0.298241 88.542084
0.088867 0.036340 0.995380 4.711633 0.013334 0.999201 -0.037670 -0.336420 -0.995954 0.016620 0.088312 89.055923
0.029392 0.037783 0.998854 10.507917 0.033063 0.998702 -0.038750 -0.547968 -0.999021 0.034164 0.028105 89.278969
0.061102 0.030819 0.997656 18.032766 0.041156 0.998595 -0.033369 -0.802402 -0.997283 0.043098 0.059748 89.626259
0.064718 0.040039 0.997100 26.326578 0.015611 0.999032 -0.041129 -1.168441 -0.997781 0.018228 0.064030 90.192848
-0.010046 0.034545 0.999353 34.430752 0.008502 0.999370 -0.034460 -1.487440 -0.999913 0.008150 -0.010333 90.412987
-0.102150 0.035878 0.994122 42.059921 0.018143 0.999250 -0.034198 -1.800507 -0.994604 0.014543 -0.102724 89.867577
-0.069266 0.037044 0.996910 48.567871 0.024099 0.999081 -0.035451 -2.063428 -0.997307 0.021569 -0.070095 89.256668
0.281580 0.026898 0.959161 53.712433 -0.000599 0.999612 -0.027856 -2.303907 -0.959538 0.007269 0.281486 89.993866
0.813359 0.024786 0.581233 57.132431 -0.009826 0.999535 -0.028873 -2.453948 -0.581679 0.017773 0.813224 93.242905
0.974550 0.024387 0.222842 58.387970 -0.024925 0.999689 -0.000401 -2.484672 -0.222782 -0.005163 0.974855 97.913605
0.972837 0.045684 0.226940 59.581635 -0.043825 0.998952 -0.013223 -2.524028 -0.227306 0.002918 0.973819 103.465553
0.973101 0.030484 0.228354 61.146610 -0.030184 0.999533 -0.004810 -2.586029 -0.228394 -0.002212 0.973566 110.168564
0.978454 0.024423 0.205015 62.793373 -0.023606 0.999701 -0.006428 -2.669761 -0.205110 0.001450 0.978738 117.961815
0.974644 0.038919 0.220349 64.597733 -0.036710 0.999226 -0.014114 -2.791361 -0.220727 0.005668 0.975319 126.381790
0.974887 0.030902 0.220543 66.483063 -0.033522 0.999405 0.008144 -2.906872 -0.220160 -0.015333 0.975343 134.712921
0.979010 0.047727 0.198147 68.128792 -0.046827 0.998860 -0.009227 -3.051791 -0.198362 -0.000245 0.980129 142.924683
0.987572 0.040147 0.151955 69.470795 -0.040015 0.999191 -0.003929 -3.140271 -0.151989 -0.002200 0.988380 150.970596
0.995969 0.052721 0.072569 70.268242 -0.053169 0.998576 0.004260 -3.186512 -0.072242 -0.008102 0.997354 159.170074
0.998020 0.054304 0.031724 70.584854 -0.054366 0.998520 0.001072 -3.195050 -0.031619 -0.002795 0.999496 167.447205
0.999218 0.016450 -0.035967 70.453354 -0.016493 0.999864 -0.000910 -3.167070 0.035947 0.001502 0.999353 175.813538
0.997445 0.038648 -0.060076 69.945137 -0.037954 0.999199 0.012662 -3.133645 0.060518 -0.010350 0.998113 184.338913
0.996921 0.032941 -0.071155 69.292130 -0.032999 0.999455 0.000363 -3.163713 0.071128 0.001986 0.997465 192.903351
0.996199 0.034347 -0.080044 68.650658 -0.033575 0.999376 0.010977 -3.165304 0.080371 -0.008248 0.996731 200.927551
0.998407 0.037726 -0.041950 68.196159 -0.037846 0.999281 -0.002059 -3.198284 0.041842 0.003643 0.999118 207.857803
0.999571 0.029239 0.001507 68.128883 -0.029246 0.999563 0.004376 -3.256349 -0.001378 -0.004419 0.999989 214.383392
0.999238 0.031880 -0.022530 68.002777 -0.031425 0.999300 0.020272 -3.267537 0.023160 -0.019548 0.999541 221.114792
0.999146 -0.011297 -0.039754 67.726517 0.011604 0.999905 0.007482 -3.213731 0.039665 -0.007937 0.999182 228.152100
0.998920 -0.018647 -0.042564 67.427185 0.019107 0.999763 0.010431 -3.215865 0.042359 -0.011233 0.999039 234.954224
0.983553 -0.037653 -0.176649 66.794502 0.039854 0.999166 0.008927 -3.212095 0.176165 -0.015821 0.984233 240.427856
0.792115 0.023023 -0.609937 64.644966 -0.026237 0.999649 0.003659 -3.218590 0.609807 0.013104 0.792441 244.381607
0.337049 0.048160 -0.940255 60.899536 -0.008944 0.998810 0.047954 -3.009657 0.941445 -0.007753 0.337078 246.253510
-0.024198 0.038397 -0.998970 55.971310 -0.003585 0.999252 0.038495 -2.760890 0.999701 0.004513 -0.024042 246.377045
-0.059411 0.030411 -0.997770 49.543095 -0.002623 0.999528 0.030621 -2.507610 0.998230 0.004436 -0.059303 245.934814
-0.045810 0.041732 -0.998078 41.204311 0.009284 0.999102 0.041349 -2.207266 0.998907 -0.007371 -0.046157 245.450729
-0.066361 0.045089 -0.996776 32.306820 0.020206 0.998834 0.043837 -1.868789 0.997591 -0.017231 -0.067195 244.911743
-0.065368 0.035719 -0.997222 23.650042 0.010073 0.999332 0.035135 -1.583783 0.997811 -0.007748 -0.065684 244.253082
-0.064894 0.042195 -0.997000 15.281341 0.022090 0.998922 0.040838 -1.296284 0.997648 -0.019373 -0.065756 243.692444
-0.103254 0.039566 -0.993868 7.300568 -0.005591 0.999170 0.040358 -1.030769 0.994639 0.009724 -0.102947 242.944824
-0.091518 0.039912 -0.995003 0.339823 -0.024691 0.998798 0.042335 -0.793072 0.995497 0.028442 -0.090423 242.210770
-0.052569 0.042893 -0.997696 -5.106290 -0.019983 0.998832 0.043995 -0.602793 0.998417 0.022250 -0.051650 241.833542
0.002581 0.043334 -0.999057 -8.885727 -0.014457 0.998958 0.043292 -0.465116 0.999892 0.014332 0.003205 241.775925
0.022747 0.029243 -0.999313 -10.328368 -0.008148 0.999544 0.029064 -0.435017 0.999708 0.007482 0.022975 241.803452
0.024529 0.018317 -0.999531 -10.656068 -0.008912 0.999796 0.018103 -0.432402 0.999660 0.008464 0.024687 241.814041
0.117746 0.015779 -0.992918 -12.217001 -0.011564 0.999828 0.014517 -0.320959 0.992976 0.009773 0.117909 242.067612
0.464857 0.036431 -0.884636 -14.841285 -0.016429 0.999336 0.032521 -0.262862 0.885233 -0.000583 0.465147 243.242523
0.889920 0.019120 -0.455715 -17.134941 -0.015454 0.999811 0.011769 -0.181067 0.455854 -0.003431 0.890048 246.590149
0.996531 0.006216 -0.082992 -17.983860 -0.006296 0.999980 -0.000707 -0.150090 0.082986 0.001227 0.996550 252.147308
0.999362 0.003539 -0.035544 -18.292391 -0.003464 0.999992 0.002155 -0.140431 0.035551 -0.002031 0.999366 259.379486
0.999112 -0.002505 -0.042058 -18.693777 0.002496 0.999997 -0.000258 -0.130768 0.042058 0.000153 0.999115 268.091980
0.998937 -0.003508 -0.045955 -19.183689 0.003343 0.999988 -0.003669 -0.141374 0.045967 0.003512 0.998937 277.996613
0.998187 -0.006501 -0.059840 -19.786749 0.006174 0.999965 -0.005650 -0.193640 0.059875 0.005270 0.998192 288.619415
0.997991 0.003047 -0.063284 -20.484215 -0.003275 0.999988 -0.003500 -0.307524 0.063273 0.003701 0.997989 299.167358
0.997902 0.025797 -0.059382 -21.158184 -0.026254 0.999631 -0.006919 -0.342939 0.059182 0.008463 0.998211 309.496338
0.998116 0.027387 -0.054909 -21.817293 -0.027435 0.999624 -0.000124 -0.378667 0.054885 0.001631 0.998491 319.974274
0.998361 0.021167 -0.053180 -22.461805 -0.020980 0.999772 0.004073 -0.409070 0.053254 -0.002951 0.998577 330.827179
0.998339 -0.002827 -0.057538 -23.107853 0.002916 0.999995 0.001455 -0.417948 0.057533 -0.001620 0.998342 341.496918
0.997731 -0.010570 -0.066495 -23.825872 0.011004 0.999920 0.006166 -0.449513 0.066425 -0.006883 0.997768 351.478394
0.998319 -0.011270 -0.056847 -24.407629 0.011803 0.999889 0.009042 -0.486158 0.056738 -0.009697 0.998342 360.133636
0.998743 -0.010638 -0.048988 -24.771778 0.011109 0.999894 0.009359 -0.510830 0.048883 -0.009892 0.998756 366.724823
0.974497 -0.002006 -0.224391 -25.497095 0.003720 0.999967 0.007216 -0.532281 0.224369 -0.007867 0.974473 371.386414
0.743662 0.031610 -0.667809 -27.834259 -0.000905 0.998928 0.046275 -0.444775 0.668556 -0.033809 0.742893 374.752197
0.176957 0.016825 -0.984075 -32.538601 0.065527 0.997434 0.028836 -0.205280 0.982035 -0.069586 0.175400 376.495087
-0.109198 0.027265 -0.993646 -38.567623 0.021749 0.999450 0.025034 0.048166 0.993782 -0.018877 -0.109731 375.956085
-0.086330 0.031931 -0.995755 -45.644455 0.010767 0.999458 0.031116 0.284172 0.996209 -0.008036 -0.086627 375.234009
-0.055184 0.048381 -0.997303 -54.263466 0.010729 0.998796 0.047860 0.647420 0.998419 -0.008059 -0.055636 374.639038
-0.059290 0.045510 -0.997203 -63.487541 0.007829 0.998951 0.045125 1.016223 0.998210 -0.005131 -0.059584 374.095581
-0.085953 0.039090 -0.995532 -72.605072 -0.001932 0.999222 0.039402 1.392029 0.996297 0.005310 -0.085811 373.352173
-0.058430 0.044765 -0.997287 -81.571167 -0.010726 0.998908 0.045466 1.798636 0.998234 0.013354 -0.057886 372.534882
-0.016086 0.041559 -0.999007 -91.413063 -0.006644 0.999109 0.041670 4.854982 0.999849 0.007308 -0.015795 370.312347
-0.018806 0.039200 -0.999054 -99.138481 0.017369 0.999093 0.038875 5.090385 0.999672 -0.016622 -0.019470 370.198151
-0.085254 0.028648 -0.995947 -105.222679 0.022000 0.999397 0.026864 5.259804 0.996116 -0.019620 -0.085833 369.761505
-0.128626 0.016729 -0.991552 -111.315239 0.011559 0.999815 0.015369 5.399539 0.991626 -0.009485 -0.128796 368.992584
-0.112578 0.022977 -0.993377 -118.326538 -0.006645 0.999693 0.023877 5.637772 0.993621 0.009289 -0.112391 368.100891
-0.065464 0.027273 -0.997482 -126.839584 -0.025687 0.999249 0.029007 5.979273 0.997524 0.027521 -0.064714 367.326660
-0.017342 0.027960 -0.999459 -136.623398 0.001946 0.999608 0.027930 6.249054 0.999848 -0.001461 -0.017390 366.984100
-0.044531 0.032745 -0.998471 -146.521652 0.012080 0.999407 0.032237 6.560726 0.998935 -0.010626 -0.044900 366.631622
-0.070623 0.031659 -0.997001 -156.275986 0.008498 0.999479 0.031135 6.811997 0.997467 -0.006273 -0.070856 366.005951
-0.079338 0.036841 -0.996167 -165.769287 0.004878 0.999319 0.036569 7.109599 0.996836 -0.001958 -0.079464 365.231232
-0.067775 0.040634 -0.996873 -174.863678 0.010843 0.999141 0.039989 7.404226 0.997642 -0.008099 -0.068157 364.533264
-0.073102 0.036815 -0.996645 -182.465622 0.026254 0.999043 0.034978 7.630725 0.996979 -0.023609 -0.073999 363.985931
-0.177315 0.036854 -0.983464 -188.328384 0.029579 0.999047 0.032104 7.784797 0.983710 -0.023398 -0.178236 363.227509
-0.623648 0.047385 -0.780268 -192.791931 0.044895 0.998685 0.024765 7.893690 0.780415 -0.019586 -0.624955 360.776398
-0.973307 0.056155 -0.222531 -194.943253 0.053459 0.998406 0.018126 7.999734 0.223194 0.005746 -0.974757 355.804779
-0.997953 0.051881 0.037384 -194.932480 0.051392 0.998581 -0.013937 8.056761 -0.038054 -0.011987 -0.999204 349.359314
-0.993808 0.038370 0.104278 -194.210007 0.037639 0.999251 -0.008971 7.985712 -0.104544 -0.004991 -0.994508 341.728577
-0.994242 0.021456 0.104992 -193.144638 0.020350 0.999726 -0.011595 7.889369 -0.105212 -0.009391 -0.994406 332.872131
-0.996384 0.017053 0.083239 -192.245193 0.017339 0.999846 0.002710 7.868132 -0.083180 0.004143 -0.996526 323.477295
-0.997953 0.016342 0.061833 -188.835617 0.016848 0.999829 0.007663 7.413061 -0.061698 0.008689 -0.998057 316.366943
-0.997884 0.011420 0.064009 -188.181931 0.011766 0.999918 0.005032 7.467560 -0.063946 0.005775 -0.997937 306.758209
-0.998822 0.015178 0.046095 -187.634705 0.015541 0.999851 0.007534 7.468818 -0.045974 0.008241 -0.998909 297.360870
-0.997346 0.019540 0.070142 -187.003311 0.020220 0.999755 0.009007 7.485781 -0.069949 0.010401 -0.997496 287.978119
-0.997644 0.032413 0.060465 -186.272827 0.032709 0.999457 0.003908 7.493689 -0.060305 0.005876 -0.998163 278.351318
-0.997182 0.031382 0.068141 -185.609863 0.032395 0.999380 0.013814 7.574272 -0.067665 0.015983 -0.997580 268.492249
-0.995784 0.032740 0.085690 -184.761307 0.031231 0.999334 -0.018890 7.589872 -0.086251 -0.016134 -0.996143 258.439453
-0.996267 0.041874 0.075491 -183.855408 0.041820 0.999123 -0.002300 7.579243 -0.075521 0.000865 -0.997144 248.396454
-0.996738 0.048172 0.064760 -183.137177 0.048926 0.998751 0.010109 7.553862 -0.064192 0.013244 -0.997850 238.802048
-0.998712 0.032304 0.039129 -182.645767 0.032549 0.999454 0.005634 7.529613 -0.038925 0.006900 -0.999218 230.306137
-0.998350 0.047502 0.032254 -182.417343 0.047648 0.998857 0.003784 7.515897 -0.032037 0.005315 -0.999473 223.530609
-0.967552 0.053364 0.246973 -181.655228 0.053034 0.998561 -0.007993 7.476203 -0.247044 0.005364 -0.968989 218.812988
-0.725596 0.034526 0.687254 -179.014587 0.034615 0.999307 -0.013657 7.402254 -0.687250 0.013880 -0.726288 215.272797
-0.236026 0.033501 0.971169 -173.757919 0.010995 0.999434 -0.031804 7.260628 -0.971685 0.003172 -0.236261 213.111603
-0.000367 0.027429 0.999624 -166.800400 -0.004639 0.999613 -0.027430 7.059516 -0.999989 -0.004647 -0.000240 212.900757
0.027286 0.036187 0.998972 -158.867157 0.012235 0.999258 -0.036532 6.775190 -0.999553 0.013219 0.026823 213.104645
0.049577 0.028542 0.998362 -150.071732 0.023518 0.999281 -0.029736 6.471215 -0.998493 0.024954 0.048870 213.472229
0.098822 0.024303 0.994808 -141.028473 0.012053 0.999599 -0.025618 6.210990 -0.995032 0.014522 0.098489 214.218094
0.091752 0.035616 0.995145 -132.207108 -0.021563 0.999197 -0.033773 5.937344 -0.995548 -0.018359 0.092446 215.135727
0.048960 0.036373 0.998138 -124.616524 -0.024433 0.999081 -0.035209 5.643251 -0.998502 -0.022664 0.049804 215.717438
0.004189 0.028393 0.999588 -118.443207 -0.013219 0.999511 -0.028335 5.377250 -0.999904 -0.013094 0.004562 215.845474
0.120987 0.031914 0.992141 -112.553749 0.012976 0.999347 -0.033728 5.191175 -0.992569 0.016954 0.120494 216.219879
0.510217 0.020185 0.859809 -107.408432 -0.001214 0.999740 -0.022750 5.012569 -0.860045 0.010563 0.510110 218.296463
0.874403 0.006120 0.485162 -104.194878 0.008348 0.999583 -0.027654 4.853788 -0.485129 0.028231 0.873987 222.557449
0.977530 0.049870 0.204814 -102.975891 -0.048529 0.998755 -0.011569 4.749479 -0.205136 0.001369 0.978733 227.609726
0.934916 0.037675 0.352862 -101.685387 -0.039757 0.999208 -0.001347 4.661430 -0.352634 -0.012769 0.935674 232.369843
0.608223 0.020219 0.793508 -98.986557 -0.002728 0.999723 -0.023383 4.542242 -0.793761 0.012057 0.608110 235.139450
0.212135 0.024489 0.976934 -95.230179 0.007853 0.999611 -0.026762 4.426708 -0.977209 0.013349 0.211860 236.182907
0.088226 0.036832 0.995419 -90.040146 0.020207 0.999044 -0.038757 4.240764 -0.995896 0.023533 0.087398 236.707062
0.068018 0.040298 0.996870 -83.177269 0.013712 0.999052 -0.041322 4.008746 -0.997590 0.016480 0.067401 237.251007
0.046972 0.041377 0.998039 -75.113487 0.021286 0.998873 -0.042413 3.700766 -0.998669 0.023237 0.046038 237.718246
0.057826 0.039302 0.997553 -66.317574 0.026321 0.998817 -0.040877 3.331397 -0.997980 0.028620 0.056723 238.164291
0.074062 0.047148 0.996139 -57.529762 0.018750 0.998639 -0.048660 2.950745 -0.997077 0.022282 0.073077 238.786636
0.079070 0.032578 0.996337 -49.204601 0.026854 0.999034 -0.034797 2.584253 -0.996507 0.029507 0.078119 239.437775
0.090428 0.030852 0.995425 -41.304131 0.021463 0.999228 -0.032920 2.237589 -0.995672 0.024342 0.089696 240.139328
0.084637 0.030217 0.995954 -34.371742 0.008945 0.999477 -0.031084 1.949799 -0.996372 0.011540 0.084323 240.780167
0.038794 0.032606 0.998715 -28.643789 0.003305 0.999458 -0.032758 1.704074 -0.999242 0.004572 0.038665 241.148987
-0.061718 0.031000 0.997612 -24.673582 0.019313 0.999368 -0.029859 1.541929 -0.997907 0.017424 -0.062278 241.021454
-0.191585 0.033718 0.980897 -22.535330 0.030608 0.999129 -0.028366 1.451432 -0.980999 0.024589 -0.192450 240.623306
-0.364869 0.049925 0.929719 -20.866339 0.030940 0.998660 -0.041485 1.391051 -0.930545 0.013629 -0.365925 239.941772
-0.731190 0.049118 0.680404 -18.427706 0.031232 0.998769 -0.038538 1.287861 -0.681459 -0.006928 -0.731824 237.725449
-0.977000 0.060415 0.204502 -16.882029 0.056923 0.998115 -0.022922 1.182450 -0.205502 -0.010754 -0.978598 232.988312
-0.997257 0.068259 0.028624 -16.439192 0.068105 0.997658 -0.006295 1.155062 -0.028987 -0.004328 -0.999570 225.914261
-0.996398 0.080091 0.027866 -16.201214 0.079764 0.996734 -0.012632 1.150010 -0.028787 -0.010364 -0.999532 216.849014
-0.995049 0.079412 0.059769 -15.662034 0.078853 0.996818 -0.011651 1.042898 -0.060504 -0.006880 -0.998144 206.280670
-0.994532 0.076427 0.071171 -14.847658 0.075881 0.997063 -0.010348 0.902057 -0.071753 -0.004891 -0.997411 194.835022
-0.995691 0.071671 0.058841 -14.047877 0.071723 0.997424 -0.001226 0.812904 -0.058778 0.003000 -0.998266 182.916489
-0.996144 0.074225 0.046773 -13.378378 0.074111 0.997241 -0.004165 0.731829 -0.046953 -0.000682 -0.998897 170.328094
-0.995511 0.080605 0.049611 -12.731558 0.080306 0.996738 -0.007985 0.614136 -0.050093 -0.003966 -0.998737 157.249817
-0.995125 0.079933 0.057768 -11.981250 0.079744 0.996800 -0.005573 0.476976 -0.058029 -0.000940 -0.998315 144.094147
-0.994700 0.079236 0.065529 -11.137992 0.079649 0.996816 0.003703 0.415535 -0.065027 0.008903 -0.997844 131.175430
-0.994859 0.078638 0.063821 -10.289816 0.078766 0.996893 -0.000499 0.348885 -0.063662 0.004531 -0.997962 118.788536
-0.995294 0.080847 0.053418 -9.669231 0.080980 0.996716 0.000321 0.226625 -0.053217 0.004645 -0.998572 108.222961
-0.992850 0.094656 0.072728 -9.221376 0.095441 0.995408 0.007394 0.177026 -0.071695 0.014283 -0.997324 100.022720
-0.913866 0.078096 0.398435 -7.629850 0.079307 0.996759 -0.013469 0.076333 -0.398196 0.019290 -0.917098 94.167061
-0.560436 0.033096 0.827536 -3.900895 0.035777 0.999236 -0.015734 -0.040530 -0.827424 0.020789 -0.561192 90.497200
-0.106422 0.031019 0.993837 1.199640 0.011373 0.999486 -0.029977 -0.175827 -0.994256 0.008113 -0.106720 89.461349
-0.013852 0.036585 0.999235 6.944265 0.018749 0.999164 -0.036323 -0.389016 -0.999728 0.018232 -0.014526 89.396927
0.010142 0.036330 0.999288 14.059649 0.049215 0.998111 -0.036787 -0.632951 -0.998737 0.049553 0.008335 89.362236
0.092604 0.038509 0.994958 22.638048 0.019465 0.998991 -0.040477 -0.961431 -0.995513 0.023115 0.091761 89.997917
0.004008 0.036545 0.999324 31.310766 0.003392 0.999326 -0.036559 -1.332290 -0.999986 0.003537 0.003881 90.410576
-0.060287 0.045550 0.997141 39.883278 0.016035 0.998874 -0.044659 -1.673153 -0.998052 0.013297 -0.060949 90.009171
-0.071385 0.039179 0.996679 48.936893 -0.006237 0.999191 -0.039725 -2.044473 -0.997429 -0.009052 -0.071083 89.513550
-0.261583 0.041275 0.964298 57.734024 0.013128 0.999145 -0.039206 -2.454953 -0.965092 0.002404 -0.261901 87.943047
-0.331647 0.049724 0.942092 66.319443 0.030745 0.998649 -0.041886 -2.738470 -0.942903 0.015074 -0.332728 85.126198
-0.417785 0.058303 0.906673 74.972710 0.038987 0.998170 -0.046222 -3.038245 -0.907709 0.016037 -0.419294 81.679230
-0.449095 0.049219 0.892128 83.819893 0.036663 0.998656 -0.036641 -3.435307 -0.892732 0.016253 -0.450295 77.279755
-0.551300 0.036366 0.833514 92.265450 0.020088 0.999339 -0.030314 -3.790867 -0.834065 0.000032 -0.551666 72.391960
-0.632045 0.045468 0.773597 99.653404 0.040772 0.998846 -0.025396 -4.096175 -0.773859 0.015490 -0.633169 66.749825
-0.594824 0.050356 0.802277 105.910004 0.049932 0.998423 -0.025646 -4.357823 -0.802304 0.024804 -0.596400 61.924706
-0.627121 0.051562 0.777214 111.308578 0.048828 0.998447 -0.026840 -4.595778 -0.777390 0.021119 -0.628664 57.741657
-0.609351 0.038987 0.791942 116.932556 0.041114 0.999000 -0.017546 -4.773824 -0.791834 0.021868 -0.610344 53.253056
-0.577594 0.020886 0.816057 123.576767 -0.003431 0.999602 -0.028012 -4.966703 -0.816317 -0.018979 -0.577292 48.528698
-0.590831 0.009916 0.806735 131.105087 -0.006726 0.999829 -0.017216 -5.196351 -0.806767 -0.015598 -0.590663 43.153816
-0.576710 0.017882 0.816753 138.996323 0.002701 0.999797 -0.019982 -5.375382 -0.816944 -0.009318 -0.576641 37.496418
-0.585871 0.010503 0.810336 146.819016 -0.012522 0.999679 -0.022010 -5.550692 -0.810308 -0.023042 -0.585551 32.005707
-0.589374 0.008134 0.807819 154.347977 -0.009338 0.999814 -0.016880 -5.789996 -0.807806 -0.017492 -0.589189 26.620092
-0.619295 0.030965 0.784547 160.638290 0.009236 0.999440 -0.032156 -6.039311 -0.785104 -0.012668 -0.619234 21.906790
-0.412795 0.049244 0.909492 165.736420 0.047388 0.998346 -0.032547 -6.269391 -0.909591 0.029663 -0.414446 18.778870
-0.044737 0.036373 0.998336 171.518005 0.014316 0.999258 -0.035765 -6.530592 -0.998896 0.012692 -0.045224 17.960548
-0.022557 0.038155 0.999017 178.016907 -0.023418 0.998977 -0.038682 -6.766545 -0.999471 -0.024267 -0.021641 17.954544
-0.073980 0.043212 0.996323 185.224899 -0.020235 0.998790 -0.044821 -7.086370 -0.997054 -0.023476 -0.073016 17.565575
-0.063840 0.034331 0.997370 192.840485 -0.027719 0.998962 -0.036160 -7.376009 -0.997575 -0.029955 -0.062822 17.105103
-0.081359 0.045160 0.995661 200.807480 -0.033200 0.998296 -0.047993 -7.706697 -0.996132 -0.036961 -0.079721 16.571739
-0.074902 0.037152 0.996499 209.188858 -0.017614 0.999101 -0.038573 -8.053840 -0.997036 -0.020441 -0.074180 15.949668
-0.073181 0.042882 0.996396 217.710510 -0.035312 0.998337 -0.045559 -8.434618 -0.996694 -0.038518 -0.071545 15.420894
-0.069079 0.034258 0.997023 226.439270 -0.019270 0.999178 -0.035667 -8.787023 -0.997425 -0.021677 -0.068362 14.836835
-0.082567 0.034024 0.996005 235.455490 -0.019606 0.999168 -0.035757 -9.140847 -0.996393 -0.022480 -0.081832 14.208201
-0.080253 0.041972 0.995890 244.403275 -0.025716 0.998693 -0.044163 -9.497406 -0.996443 -0.029154 -0.079069 13.515913
-0.060760 0.031808 0.997645 253.017990 -0.023241 0.999176 -0.033272 -9.878408 -0.997882 -0.025208 -0.059971 12.985373
-0.056185 0.038543 0.997676 260.709900 -0.018950 0.999033 -0.039663 -10.176557 -0.998241 -0.021134 -0.055400 12.605583
-0.147972 0.024779 0.988681 267.120636 0.002891 0.999693 -0.024623 -10.466298 -0.988987 -0.000786 -0.147998 11.941542
-0.220562 0.035073 0.974742 271.859100 0.036680 0.998945 -0.027644 -10.630679 -0.974683 0.029656 -0.221616 10.938030
-0.065466 0.040586 0.997029 274.799957 0.030557 0.998785 -0.038651 -10.745741 -0.997387 0.027936 -0.066627 10.623491
0.366804 0.028924 0.929849 277.247528 -0.001032 0.999529 -0.030684 -10.847620 -0.930298 0.010295 0.366661 11.525836
0.844980 0.033177 0.533767 279.362823 -0.025805 0.999441 -0.021272 -10.923085 -0.534175 0.004200 0.845364 14.369906
0.978052 0.054949 0.200982 280.671417 -0.053034 0.998481 -0.014907 -10.957376 -0.201496 0.003921 0.979481 19.467642
0.997002 0.062320 0.045866 281.195404 -0.061936 0.998032 -0.009767 -10.991242 -0.046384 0.006897 0.998900 26.663183
0.996907 0.056329 0.054809 281.546997 -0.056188 0.998412 -0.004114 -11.044395 -0.054954 0.001022 0.998488 35.557491
0.996746 0.044334 0.067320 282.143951 -0.043146 0.998888 -0.019001 -11.141589 -0.068088 0.016035 0.997550 45.342918
0.996190 0.062516 0.060806 282.739349 -0.062714 0.998031 0.001353 -11.179852 -0.060602 -0.005161 0.998149 55.475510
0.993922 0.076788 0.078880 283.375702 -0.077282 0.997004 0.003232 -11.252030 -0.078395 -0.009308 0.996879 65.687943
0.995685 0.071147 0.059575 284.039032 -0.070340 0.997402 -0.015542 -11.309461 -0.060526 0.011285 0.998103 75.880028
0.995542 0.068909 0.064399 284.575378 -0.068202 0.997585 -0.013111 -11.434739 -0.065147 0.008660 0.997838 86.008087
0.994589 0.060717 0.084293 285.248566 -0.060838 0.998147 -0.001135 -11.551264 -0.084206 -0.004000 0.996440 96.072922
0.989793 0.041210 0.136421 286.310822 -0.040943 0.999150 -0.004766 -11.661623 -0.136501 -0.000868 0.990640 106.074768
0.989227 0.031362 0.142991 287.743347 -0.030881 0.999507 -0.005588 -11.781411 -0.143095 0.001112 0.989708 115.809219
0.992056 -0.003583 0.125747 288.896149 0.003654 0.999993 -0.000336 -11.884801 -0.125745 0.000793 0.992062 125.099594
0.982837 -0.001115 0.184473 290.146271 0.001933 0.999989 -0.004254 -11.955306 -0.184466 0.004538 0.982828 133.322830
0.969143 0.002553 0.246487 291.675140 -0.002337 0.999997 -0.001169 -12.050670 -0.246489 0.000557 0.969145 139.625534
0.996416 -0.009063 0.084105 292.569763 0.009723 0.999925 -0.007432 -12.107266 -0.084031 0.008223 0.996429 145.057892
0.907086 0.000057 -0.420945 291.159424 0.003226 0.999970 0.007088 -12.122108 0.420933 -0.007787 0.907058 150.295456
0.534716 0.021001 -0.844771 286.600769 -0.002484 0.999726 0.023281 -11.959705 0.845028 -0.010350 0.534622 154.271423
0.429772 0.044438 -0.901843 280.037964 -0.036855 0.998819 0.031653 -11.712275 0.902185 0.019634 0.430902 157.354065
0.459577 0.041983 -0.887145 273.046051 -0.043462 0.998748 0.024749 -10.865975 0.887074 0.027183 0.460826 161.731827
0.492086 0.048545 -0.869192 264.486328 -0.045739 0.998507 0.029873 -10.592051 0.869344 0.025056 0.493572 166.270142
0.567042 0.031838 -0.823074 256.297485 -0.013225 0.999476 0.029550 -10.360367 0.823583 -0.005871 0.567165 171.510880
0.519259 0.011967 -0.854533 247.915268 0.017680 0.999538 0.024741 -10.045623 0.854434 -0.027955 0.518807 176.889465
0.457290 0.011847 -0.889239 239.083893 0.051699 0.997866 0.039881 -9.718877 0.887813 -0.064210 0.455702 181.679932
0.457935 0.005306 -0.888970 230.271957 0.032150 0.999229 0.022526 -9.422769 0.888404 -0.038896 0.457412 186.114258
0.459808 0.018606 -0.887824 221.885498 0.025174 0.999106 0.033976 -9.152887 0.887662 -0.037972 0.458928 190.453308
0.443486 0.019466 -0.896070 214.321182 0.035895 0.998576 0.039458 -8.919732 0.895562 -0.049663 0.442156 194.233536
0.436425 0.021060 -0.899494 208.229095 0.025194 0.999048 0.035614 -8.703295 0.899388 -0.038204 0.435479 197.186676
0.492510 0.034372 -0.869628 204.263306 0.022815 0.998366 0.052381 -8.563850 0.870008 -0.045639 0.490921 199.282898
0.575521 0.016998 -0.817611 202.188797 0.015037 0.999395 0.031362 -8.493218 0.817649 -0.030343 0.574917 200.745438
0.632259 0.007037 -0.774725 199.904343 0.000370 0.999956 0.009385 -8.431620 0.774757 -0.006220 0.632228 202.608200
0.576320 0.032704 -0.816570 195.680374 0.003424 0.999094 0.042430 -8.268632 0.817217 -0.027249 0.575685 205.682236
0.485654 0.009693 -0.874098 189.755692 0.046505 0.998236 0.036908 -8.013952 0.872913 -0.058575 0.484346 209.177994
0.471114 0.007596 -0.882039 182.669785 0.038159 0.998851 0.028984 -7.700199 0.881246 -0.047313 0.470283 212.965836
0.473180 0.017479 -0.880793 174.933716 0.034595 0.998663 0.038404 -7.385494 0.880286 -0.048643 0.471942 217.089020
0.468211 0.011771 -0.883538 167.234924 0.045407 0.998270 0.037362 -7.091079 0.882449 -0.057612 0.466866 221.160553
0.440173 0.018080 -0.897731 160.551346 0.043147 0.998216 0.041259 -6.877056 0.896876 -0.056895 0.438608 224.560532
0.222359 0.024002 -0.974670 154.930679 0.038552 0.998699 0.033389 -6.736412 0.974202 -0.045000 0.221144 226.444534
-0.064719 0.053075 -0.996491 149.115173 0.011029 0.998562 0.052469 -6.517251 0.997843 -0.007594 -0.065211 226.404129
-0.095095 0.045069 -0.994448 142.106644 0.026349 0.998739 0.042744 -6.154788 0.995120 -0.022138 -0.096162 225.671082
-0.058878 0.048008 -0.997110 133.474808 0.041701 0.998089 0.045592 -5.754011 0.997394 -0.038896 -0.060768 224.971802
-0.054093 0.055303 -0.997003 123.495567 0.050369 0.997345 0.052590 -5.365204 0.997265 -0.047373 -0.056735 224.386093
-0.074996 0.040397 -0.996365 113.287788 0.052872 0.997935 0.036481 -4.988230 0.995781 -0.049944 -0.076977 223.657974
-0.067836 0.036691 -0.997022 103.370644 0.064919 0.997368 0.032286 -4.639671 0.995582 -0.062535 -0.070039 222.898331
-0.073196 0.049185 -0.996104 93.787506 0.082922 0.995625 0.043069 -4.316073 0.993864 -0.079447 -0.076954 222.223953
-0.092631 0.050318 -0.994429 85.152534 0.067361 0.996751 0.044161 -3.997299 0.993420 -0.062895 -0.095719 221.431564
0.014610 0.047531 -0.998763 78.376015 0.061361 0.996944 0.048342 -3.733172 0.998009 -0.061991 0.011649 221.111526
0.396758 0.032286 -0.917355 72.706665 0.001828 0.999352 0.035962 -3.425918 0.917922 -0.015945 0.396441 222.534454
0.836091 0.015628 -0.548369 68.810150 -0.014761 0.999873 0.005990 -3.249761 0.548393 0.003086 0.836215 226.712006
0.990977 -0.005730 -0.133911 67.159431 0.002954 0.999777 -0.020922 -3.242134 0.134001 0.020337 0.990773 233.104324
0.998646 -0.026150 -0.044981 66.751984 0.026171 0.999657 -0.000109 -3.223585 0.044968 -0.001068 0.998988 240.779419
0.996345 -0.060272 -0.060538 66.307373 0.060608 0.998155 0.003718 -3.269650 0.060202 -0.007373 0.998159 249.315643
0.998011 -0.025486 -0.057661 65.691902 0.025933 0.999639 0.007008 -3.265167 0.057462 -0.008490 0.998312 258.690460
0.997618 -0.027141 -0.063410 65.037796 0.026985 0.999630 -0.003321 -3.249541 0.063476 0.001602 0.997982 269.054657
0.997172 -0.028996 -0.069332 64.297867 0.028883 0.999579 -0.002642 -3.253516 0.069380 0.000632 0.997590 279.750549
0.997675 -0.012888 -0.066919 63.510605 0.012980 0.999915 0.000930 -3.294521 0.066901 -0.001796 0.997758 290.334320
0.997679 -0.011026 -0.067187 62.766655 0.011298 0.999929 0.003672 -3.328083 0.067141 -0.004422 0.997734 300.730774
0.995262 -0.016845 -0.095760 61.898960 0.016768 0.999858 -0.001610 -3.302588 0.095773 -0.000003 0.995403 310.817047
0.990267 0.016616 -0.138187 60.645245 -0.016230 0.999861 0.003925 -3.325896 0.138233 -0.001644 0.990398 320.791626
0.993788 0.049892 -0.099478 59.380112 -0.049293 0.998748 0.008474 -3.304672 0.099777 -0.003518 0.995004 330.717926
0.997201 0.045217 -0.059537 58.573215 -0.045558 0.998952 -0.004372 -3.329242 0.059277 0.007072 0.998217 340.900177
0.997942 0.033724 -0.054546 57.956982 -0.033648 0.999431 0.002301 -3.334959 0.054593 -0.000460 0.998509 351.057343
0.998906 0.032829 -0.033295 57.476559 -0.032774 0.999460 0.002190 -3.374843 0.033349 -0.001096 0.999443 360.391541
0.999891 0.014738 0.001216 57.381405 -0.014736 0.999890 -0.001559 -3.417639 -0.001239 0.001541 0.999998 368.199951
0.998048 -0.001705 -0.062431 57.162697 0.001495 0.999993 -0.003405 -3.467236 0.062436 0.003305 0.998043 375.010559
0.987974 0.035930 -0.150387 56.150555 -0.036854 0.999315 -0.003363 -3.465175 0.150163 0.008865 0.988622 382.161591
0.997373 0.043469 -0.057944 55.256645 -0.044249 0.998946 -0.012233 -3.475266 0.057351 0.014765 0.998245 390.733368
0.999430 0.022278 -0.025355 54.924320 -0.022321 0.999750 -0.001394 -3.515465 0.025317 0.001960 0.999678 400.689972
0.998260 0.015702 -0.056830 54.375362 -0.015342 0.999859 0.006777 -3.543562 0.056929 -0.005893 0.998361 411.432709
0.997820 0.018088 -0.063459 53.689919 -0.017353 0.999776 0.012120 -3.556571 0.063664 -0.010992 0.997911 422.061981
0.998209 0.014598 -0.058014 53.010349 -0.014599 0.999893 0.000396 -3.611567 0.058014 0.000452 0.998316 432.315552
0.993464 0.022333 -0.111937 52.215282 -0.021389 0.999725 0.009635 -3.654320 0.112121 -0.007178 0.993669 441.174133
0.981947 0.052690 -0.181667 51.006828 -0.050905 0.998599 0.014478 -3.667314 0.182176 -0.004969 0.983253 448.380066
0.984551 0.081958 0.154731 50.993835 -0.081429 0.996631 -0.009768 -3.707279 -0.155010 -0.002983 0.987908 453.622101
0.655183 0.028252 0.754941 53.633957 -0.012169 0.999566 -0.026845 -3.856344 -0.755372 0.008402 0.655243 456.883331
0.144473 0.041882 0.988622 57.871353 0.007545 0.999028 -0.043426 -4.002811 -0.989480 0.013733 0.144017 457.892456
0.054656 0.039652 0.997718 63.647110 0.022790 0.998901 -0.040947 -4.220124 -0.998245 0.024976 0.053692 458.179199
0.078194 0.040023 0.996135 71.008865 0.014573 0.999041 -0.041284 -4.525596 -0.996832 0.017744 0.077536 458.719360
0.075704 0.046262 0.996057 79.759293 0.005484 0.998889 -0.046810 -4.898790 -0.997115 0.009006 0.075367 459.466461
0.068607 0.040053 0.996839 89.249374 0.005549 0.999163 -0.040529 -5.298399 -0.997628 0.008312 0.068327 460.173523
0.065181 0.035057 0.997258 99.040298 0.007650 0.999336 -0.035630 -5.721420 -0.997844 0.009951 0.064870 460.903717
0.064629 0.050504 0.996631 108.742744 0.006908 0.998672 -0.051055 -6.174887 -0.997886 0.010184 0.064194 461.541107
0.072383 0.051652 0.996039 118.083626 0.000798 0.998655 -0.051845 -6.636264 -0.997377 0.004548 0.072245 462.231750
0.160273 0.035206 0.986445 126.989037 -0.007540 0.999378 -0.034442 -7.010697 -0.987044 -0.001918 0.160438 463.370667
0.244655 0.040585 0.968760 135.573608 -0.010078 0.999176 -0.039314 -7.336434 -0.969558 -0.000145 0.244863 465.289032
0.340797 0.025645 0.939787 143.701401 0.008196 0.999509 -0.030247 -7.642751 -0.940101 0.018011 0.340420 467.950745
0.410634 0.039971 0.910924 151.414536 0.003737 0.998957 -0.045518 -7.956786 -0.911793 0.022095 0.410056 471.204834
0.494614 0.047450 0.867816 158.618073 -0.012454 0.998793 -0.047514 -8.330921 -0.869023 0.012693 0.494608 475.026581
0.571041 0.034132 0.820212 164.930969 -0.014941 0.999402 -0.031187 -8.613236 -0.820786 0.005554 0.571210 479.156128
0.547988 0.037423 0.835648 169.725754 -0.028806 0.999250 -0.025859 -8.843641 -0.835990 -0.009901 0.548656 482.561829
0.348744 0.042686 0.936246 173.347839 -0.012324 0.999085 -0.040960 -8.989947 -0.937137 0.002747 0.348951 484.221527
-0.086135 0.056112 0.994702 177.058228 0.007420 0.998421 -0.055679 -9.165639 -0.996256 0.002584 -0.086415 484.240753
-0.608084 0.031618 0.793243 181.136002 0.001315 0.999245 -0.038821 -9.340179 -0.793872 -0.022564 -0.607667 481.915955
-0.771752 0.035654 0.634924 185.860672 0.017782 0.999247 -0.034499 -9.522001 -0.635676 -0.015334 -0.771804 476.652405
-0.787358 0.035287 0.615485 191.697418 0.022396 0.999339 -0.028643 -9.765753 -0.616089 -0.008768 -0.787628 469.357178
-0.777785 0.044237 0.626972 198.062820 0.033196 0.999019 -0.029306 -10.105265 -0.627654 -0.001981 -0.778490 461.419403
-0.773017 0.041676 0.633015 204.495316 0.028644 0.999115 -0.030799 -10.461847 -0.633739 -0.005676 -0.773527 453.636047
-0.773002 0.036308 0.633364 210.790436 0.028601 0.999340 -0.022381 -10.790111 -0.633758 0.000815 -0.773531 445.993439
-0.761312 0.044511 0.646856 218.058273 0.029280 0.998983 -0.034281 -9.111484 -0.647724 -0.007159 -0.761841 438.034760
-0.761910 0.042849 0.646265 224.985809 0.031295 0.999079 -0.029346 -9.449242 -0.646927 -0.002134 -0.762549 429.917175
-0.754115 0.035432 0.655786 231.804565 0.020138 0.999322 -0.030836 -9.857448 -0.656434 -0.010048 -0.754317 422.102966
-0.780170 0.035591 0.624555 237.709503 0.025234 0.999358 -0.025429 -10.182452 -0.625059 -0.004079 -0.780567 415.156433
-0.940974 0.042389 0.335814 240.929947 0.036077 0.999036 -0.025015 -10.435031 -0.336550 -0.011423 -0.941596 409.389069
-0.929260 0.051929 -0.365759 240.194519 0.050598 0.998631 0.013232 -10.467503 0.365946 -0.006211 -0.930616 403.903381
-0.634970 0.053687 -0.770669 236.166687 0.022794 0.998450 0.050774 -10.239622 0.772200 0.014673 -0.635210 399.654358
-0.360883 0.045426 -0.931504 229.874207 0.014624 0.998966 0.043050 -9.876368 0.932496 0.001914 -0.361175 396.472748
-0.178521 0.052555 -0.982532 221.439453 0.026803 0.998462 0.048537 -9.412130 0.983571 -0.017670 -0.179655 394.336243
-0.120259 0.041763 -0.991864 211.210144 0.034702 0.998681 0.037843 -8.983383 0.992136 -0.029868 -0.121550 392.892273
-0.093176 0.041212 -0.994796 200.111786 0.016890 0.999065 0.039807 -8.557453 0.995506 -0.013093 -0.093784 391.685364
-0.070304 0.046311 -0.996450 188.782532 0.005908 0.998924 0.046009 -8.103499 0.997508 -0.002653 -0.070502 390.730011
-0.058609 0.051417 -0.996956 177.691330 0.008612 0.998662 0.050999 -7.601013 0.998244 -0.005597 -0.058973 389.965820
-0.057366 0.051690 -0.997014 166.951523 0.009243 0.998643 0.051242 -7.080554 0.998311 -0.006276 -0.057766 389.298523
-0.031820 0.048032 -0.998339 156.885086 0.012430 0.998786 0.047657 -6.684321 0.999416 -0.010893 -0.032378 388.782196
-0.051748 0.050213 -0.997397 148.492630 0.036073 0.998177 0.048381 -6.363243 0.998009 -0.033476 -0.053465 388.472321
-0.348720 0.067533 -0.934791 142.402390 0.063737 0.996800 0.048236 -6.142869 0.935057 -0.042760 -0.351908 387.163086
-0.873185 0.082007 -0.480440 139.311142 0.076479 0.996586 0.031112 -6.006893 0.481351 -0.009577 -0.876476 383.513672
-0.996113 0.054981 -0.068821 138.585876 0.054511 0.998475 0.008695 -5.953471 0.069195 0.004909 -0.997591 378.193237
-0.997835 0.064623 0.012231 138.638748 0.064527 0.997884 -0.008037 -5.932141 -0.012724 -0.007230 -0.999893 371.548431
-0.995180 0.080355 0.056225 139.048340 0.079967 0.996756 -0.009124 -5.975594 -0.056776 -0.004584 -0.998377 363.137665
-0.995885 0.064246 0.063922 139.723663 0.063880 0.997927 -0.007758 -5.997184 -0.064288 -0.003643 -0.997925 353.120392
-0.995735 0.059582 0.070437 140.494385 0.059164 0.998216 -0.008007 -6.123356 -0.070789 -0.003806 -0.997484 342.401428
-0.996462 0.056028 0.062650 141.275131 0.056216 0.998418 0.001232 -6.212245 -0.062482 0.004750 -0.998035 331.735657
-0.995220 0.076948 0.060128 141.980637 0.077275 0.997005 0.003117 -6.212151 -0.059708 0.007748 -0.998186 320.762115
-0.995202 0.078461 0.058451 142.721176 0.078619 0.996905 0.000401 -6.213747 -0.058239 0.004994 -0.998290 309.231628
-0.995070 0.074398 0.065581 143.498627 0.074062 0.997225 -0.007539 -6.272293 -0.065960 -0.002645 -0.997819 297.389221
-0.995219 0.071477 0.066558 144.362427 0.071504 0.997438 -0.001973 -6.354092 -0.066529 0.002795 -0.997781 285.707764
-0.995384 0.074928 0.059968 145.112061 0.074005 0.997105 -0.017471 -6.407743 -0.061103 -0.012952 -0.998048 274.239014
-0.996372 0.062733 0.057518 145.841766 0.062425 0.998024 -0.007140 -6.387045 -0.057853 -0.003524 -0.998319 263.158081
-0.996403 0.057422 0.062326 146.452835 0.057181 0.998348 -0.005650 -6.403440 -0.062547 -0.002066 -0.998040 252.758804
-0.995760 0.050048 0.077188 147.113876 0.050054 0.998745 -0.001864 -6.501973 -0.077185 0.002008 -0.997015 243.953796
-0.995496 0.032390 0.089100 147.738266 0.033653 0.999353 0.012713 -6.535774 -0.088630 0.015654 -0.995942 237.240952
-0.990531 0.035602 -0.132591 147.609421 0.034679 0.999356 0.009267 -6.531429 0.132835 0.004581 -0.991128 232.373566
-0.821581 0.069681 -0.565818 145.685440 0.060627 0.997553 0.034817 -6.444047 0.566859 -0.005699 -0.823795 228.650497
-0.407039 0.048211 -0.912138 141.447464 0.028834 0.998787 0.039924 -6.222764 0.912956 -0.010049 -0.407935 226.044769
-0.112711 0.039129 -0.992857 135.370590 0.033407 0.998809 0.035572 -5.960406 0.993066 -0.029159 -0.113884 224.950882
-0.045593 0.025688 -0.998630 127.278854 0.052209 0.998364 0.023297 -5.628809 0.997595 -0.051076 -0.046859 224.441788
-0.049517 0.042505 -0.997868 117.579704 0.057304 0.997569 0.039649 -5.243776 0.997128 -0.055219 -0.051833 223.897919
-0.075750 0.044455 -0.996135 107.576897 0.058179 0.997501 0.040092 -4.848597 0.995428 -0.054917 -0.078147 223.174957
-0.068362 0.038484 -0.996918 97.771408 0.072003 0.996840 0.033544 -4.552040 0.995059 -0.069488 -0.070917 222.421371
-0.078419 0.053068 -0.995507 88.507904 0.072039 0.996273 0.047434 -4.160686 0.994314 -0.067995 -0.081950 221.700302
-0.061795 0.060322 -0.996264 81.155548 0.067016 0.996170 0.056160 -3.847071 0.995837 -0.063295 -0.065601 221.141953
0.076794 0.047509 -0.995914 76.151665 0.055816 0.997093 0.051870 -3.629251 0.995483 -0.059571 0.073919 221.190460
0.474137 0.026356 -0.880057 71.937607 0.007912 0.999384 0.034192 -3.425273 0.880416 -0.023175 0.473636 222.744843
0.844779 0.010394 -0.535014 68.816254 -0.004926 0.999920 0.011647 -3.266894 0.535093 -0.007203 0.844763 226.502792
0.983080 -0.004158 -0.183128 67.375870 0.003343 0.999983 -0.004759 -3.233458 0.183145 0.004067 0.983077 231.465240
0.997456 -0.025939 -0.066392 67.007355 0.026433 0.999629 0.006570 -3.207563 0.066197 -0.008309 0.997772 236.765457
0.945914 -0.022165 -0.323660 65.838715 0.024536 0.999694 0.003247 -3.217739 0.323489 -0.011012 0.946168 241.952881
0.598608 0.063764 -0.798501 62.591576 -0.037776 0.997965 0.051373 -3.132180 0.800151 -0.000588 0.599798 245.507248
0.072475 0.046260 -0.996297 57.642071 0.001471 0.998918 0.046489 -2.856606 0.997369 -0.004834 0.072329 246.423294
-0.050251 0.035142 -0.998118 51.626831 -0.008540 0.999329 0.035615 -2.613711 0.998700 0.010313 -0.049917 246.093842
