1.000000 0.000000 0.000000 0.000000 0.000000 1.000000 0.000000 -0.000000 0.000000 0.000000 1.000000 0.000000
0.999136 0.006355 -0.041073 -0.239205 -0.006332 0.999980 0.000698 0.035465 0.041076 -0.000437 0.999156 7.723101
0.998330 0.007857 -0.057233 -0.724033 -0.008005 0.999965 -0.002346 0.028902 0.057212 0.002801 0.998358 16.491087
0.998470 0.009040 -0.054554 -1.324596 -0.009014 0.999959 0.000722 0.042136 0.054558 -0.000229 0.998511 25.909300
0.998096 -0.004425 -0.061516 -1.918153 0.004559 0.999988 0.002033 0.059062 0.061506 -0.002309 0.998104 35.841160
0.997730 0.000928 -0.067333 -2.610490 -0.000219 0.999945 0.010527 0.090765 0.067339 -0.010489 0.997675 45.962494
0.997358 -0.012464 -0.071568 -3.344389 0.013368 0.999837 0.012166 0.123524 0.071405 -0.013091 0.997362 55.779072
0.996589 0.005463 -0.082341 -4.083031 -0.004795 0.999954 0.008309 0.157805 0.082383 -0.007886 0.996570 64.973511
0.995366 0.015862 -0.094841 -4.854754 -0.015893 0.999874 0.000436 0.187346 0.094836 0.001073 0.995492 72.868790
0.997467 0.001772 -0.071103 -5.426056 -0.001337 0.999980 0.006168 0.141345 0.071113 -0.006058 0.997450 78.967567
0.977998 0.012608 0.208233 -4.957648 -0.014638 0.999859 0.008209 0.141061 -0.208100 -0.011076 0.978045 83.666313
0.678183 0.018344 0.734664 -2.540362 -0.016590 0.999816 -0.009650 0.076536 -0.734706 -0.005644 0.678362 86.689903
0.263339 0.025012 0.964379 1.066617 -0.000775 0.999669 -0.025716 -0.003466 -0.964703 0.006025 0.263272 87.921562
0.074290 0.036918 0.996553 5.486820 0.016136 0.999139 -0.038217 -0.159707 -0.997106 0.018920 0.073631 88.376549
0.026084 0.038962 0.998900 11.459933 0.036380 0.998541 -0.039898 -0.370553 -0.998998 0.037381 0.024629 88.576050
0.062496 0.035321 0.997420 19.121397 0.038612 0.998540 -0.037780 -0.639484 -0.997298 0.040874 0.061041 88.927025
0.060441 0.040161 0.997364 27.394066 0.012734 0.999078 -0.041001 -1.019263 -0.998091 0.015178 0.059873 89.464607
-0.022824 0.035349 0.999114 35.490849 0.007970 0.999349 -0.035175 -1.327730 -0.999708 0.007160 -0.023091 89.593933
-0.108372 0.035445 0.993478 43.024006 0.020311 0.999234 -0.033435 -1.641145 -0.993903 0.016555 -0.109009 88.969513
-0.054276 0.039189 0.997757 49.382431 0.022444 0.999025 -0.038018 -1.900815 -0.998274 0.020330 -0.055103 88.395592
0.333514 0.027522 0.942343 54.425980 -0.002086 0.999593 -0.028456 -2.121482 -0.942743 0.007525 0.333436 89.351326
0.847586 0.023573 0.530134 57.610291 -0.013469 0.999647 -0.022915 -2.248420 -0.530487 0.012282 0.847604 92.830719
0.975818 0.031292 0.216332 58.797592 -0.031985 0.999488 -0.000300 -2.265961 -0.216231 -0.006626 0.976320 97.579338
0.971179 0.043335 0.234379 60.042751 -0.042599 0.999059 -0.008203 -2.308096 -0.234514 -0.002018 0.972111 103.232788
0.972615 0.036406 0.229554 61.662384 -0.036013 0.999334 -0.005900 -2.364249 -0.229615 -0.002529 0.973278 110.039413
0.977317 0.032395 0.209289 63.344452 -0.031259 0.999473 -0.008735 -2.440405 -0.209462 0.001994 0.977815 117.934937
0.973339 0.043920 0.225129 65.200859 -0.042347 0.999033 -0.011814 -2.554614 -0.225430 0.001965 0.974257 126.348183
0.973988 0.041280 0.222809 67.098351 -0.040675 0.999146 -0.007305 -2.661922 -0.222920 -0.001948 0.974835 134.720963
0.978681 0.047792 0.199750 68.747513 -0.046744 0.998857 -0.009958 -2.803397 -0.199998 0.000409 0.979796 142.832321
0.988056 0.039234 0.149020 70.063187 -0.038148 0.999221 -0.010142 -2.866266 -0.149302 0.004336 0.988782 150.854721
0.996070 0.055024 0.069401 70.833000 -0.055583 0.998435 0.006137 -2.909830 -0.068955 -0.009971 0.997570 159.067368
0.998157 0.053993 0.027694 71.148849 -0.053925 0.998540 -0.003201 -2.905133 -0.027826 0.001702 0.999611 167.340591
0.998895 0.028085 -0.037673 70.993706 -0.027617 0.999536 0.012888 -2.861517 0.038018 -0.011833 0.999207 175.721649
0.997578 0.036186 -0.059409 70.489998 -0.036034 0.999344 0.003632 -2.819661 0.059501 -0.001482 0.998227 184.261642
0.996877 0.038346 -0.069027 69.871773 -0.038190 0.999264 0.003588 -2.845679 0.069114 -0.000940 0.997608 192.769531
0.996337 0.037059 -0.077065 69.251892 -0.036730 0.999309 0.005675 -2.829753 0.077222 -0.002824 0.997010 200.702240
0.998693 0.039984 -0.031851 68.851448 -0.040352 0.999125 -0.011009 -2.873290 0.031383 0.012280 0.999432 207.542572
0.999461 0.032434 0.005053 68.823334 -0.032465 0.999454 0.006086 -2.917530 -0.004852 -0.006247 0.999969 214.047928
0.999029 0.037822 -0.022614 68.702110 -0.037505 0.999194 0.014296 -2.917272 0.023136 -0.013434 0.999642 220.759857
0.999278 -0.009362 -0.036812 68.425331 0.009801 0.999883 0.011773 -2.859089 0.036698 -0.012125 0.999253 227.782730
0.999105 -0.014874 -0.039589 68.146317 0.015419 0.999790 0.013505 -2.857346 0.039380 -0.014103 0.999125 234.515015
0.977937 -0.037417 -0.205521 67.433693 0.040136 0.999153 0.009072 -2.860579 0.205007 -0.017120 0.978611 239.804718
0.756488 0.033209 -0.653163 65.097961 -0.032991 0.999376 0.012601 -2.853614 0.653174 0.012016 0.757112 243.633133
0.288377 0.049338 -0.956245 61.267326 -0.010682 0.998775 0.048311 -2.620499 0.957457 -0.003717 0.288551 245.294296
-0.036362 0.040829 -0.998504 56.218704 -0.006470 0.999134 0.041090 -2.353748 0.999318 0.007954 -0.036067 245.356201
-0.055098 0.032351 -0.997957 49.591549 -0.001585 0.999471 0.032487 -2.060612 0.998480 0.003371 -0.055017 244.925888
-0.042485 0.045732 -0.998050 41.112072 0.010201 0.998920 0.045338 -1.721077 0.999045 -0.008255 -0.042906 244.476135
-0.065484 0.046034 -0.996791 32.231358 0.019745 0.998800 0.044830 -1.337076 0.997658 -0.016746 -0.066314 243.939468
-0.059560 0.041106 -0.997378 23.605021 0.014724 0.999079 0.040296 -1.032024 0.998116 -0.012285 -0.060111 243.318329
-0.063564 0.041937 -0.997096 15.254889 0.019038 0.998986 0.040802 -0.711480 0.997796 -0.016389 -0.064298 242.789001
-0.100381 0.042775 -0.994029 7.340012 -0.010655 0.998972 0.044064 -0.418987 0.994892 0.015015 -0.099822 242.053207
-0.084793 0.042309 -0.995500 0.508825 -0.024044 0.998720 0.044493 -0.157672 0.996109 0.027708 -0.083667 241.373642
-0.043690 0.048028 -0.997890 -4.793977 -0.021207 0.998574 0.048990 0.038534 0.998820 0.023302 -0.042609 241.053207
0.010558 0.046929 -0.998842 -8.352736 -0.015455 0.998786 0.046763 0.181119 0.999825 0.014943 0.011270 241.029602
0.026578 0.034431 -0.999054 -9.546021 -0.008926 0.999375 0.034205 0.307364 0.999607 0.008009 0.026869 241.160004
0.030091 0.021296 -0.999321 -9.912128 -0.008962 0.999739 0.021035 0.314160 0.999507 0.008323 0.030274 241.157532
0.143110 0.023451 -0.989429 -11.738965 -0.012894 0.999679 0.021829 0.361653 0.989623 0.009634 0.143366 241.423569
0.515471 0.040923 -0.855929 -14.413888 -0.018650 0.999158 0.036539 0.434873 0.856704 -0.002872 0.515801 242.764099
0.916633 0.020095 -0.399224 -16.542978 -0.016892 0.999791 0.011539 0.525956 0.399372 -0.003833 0.916781 246.354446
0.997701 0.009449 -0.067104 -17.223318 -0.009503 0.999955 -0.000490 0.553005 0.067097 0.001126 0.997746 252.074707
0.999393 0.006714 -0.034196 -17.506212 -0.006703 0.999977 0.000440 0.575578 0.034198 -0.000210 0.999415 259.512665
0.999167 -0.000911 -0.040804 -17.884310 0.000607 0.999972 -0.007459 0.590899 0.040810 0.007428 0.999139 268.335785
0.999108 -0.000650 -0.042225 -18.355927 0.000437 0.999987 -0.005040 0.581253 0.042228 0.005017 0.999095 278.318268
0.998239 -0.000726 -0.059316 -18.954668 0.000629 0.999998 -0.001661 0.498489 0.059317 0.001621 0.998238 288.952789
0.998132 0.007069 -0.060682 -19.651373 -0.007234 0.999971 -0.002501 0.426943 0.060662 0.002935 0.998154 299.462708
0.997944 0.028417 -0.057452 -20.293161 -0.028817 0.999566 -0.006140 0.386888 0.057252 0.007783 0.998329 309.796783
0.998249 0.027421 -0.052416 -20.932377 -0.027564 0.999618 -0.001998 0.363274 0.052342 0.003439 0.998623 320.337463
0.998448 0.021248 -0.051472 -21.556086 -0.021234 0.999774 0.000824 0.339121 0.051478 0.000270 0.998674 331.174225
0.998393 -0.002575 -0.056612 -22.177950 0.002767 0.999991 0.003313 0.327336 0.056603 -0.003465 0.998391 341.796570
0.997830 -0.006331 -0.065533 -22.872206 0.006836 0.999949 0.007490 0.314489 0.065483 -0.007921 0.997822 351.686951
0.998477 -0.009755 -0.054294 -23.413101 0.010327 0.999894 0.010266 0.291398 0.054188 -0.010811 0.998472 360.173523
0.998648 -0.006355 -0.051594 -23.758224 0.006693 0.999957 0.006381 0.265129 0.051552 -0.006717 0.998648 366.546814
0.965148 0.000020 -0.261703 -24.608885 0.002164 0.999965 0.008058 0.250982 0.261694 -0.008344 0.965115 371.084015
0.702507 0.031232 -0.710991 -27.149420 0.005907 0.998746 0.049710 0.372521 0.711652 -0.039121 0.701442 374.322479
0.117683 0.027293 -0.992676 -32.060436 0.058740 0.997681 0.034394 0.639445 0.991313 -0.062358 0.115807 375.821991
-0.107773 0.024106 -0.993883 -38.173958 0.024588 0.999465 0.021575 0.904062 0.993872 -0.022113 -0.108308 375.194427
-0.080801 0.036639 -0.996057 -45.385166 0.006824 0.999321 0.036205 1.156978 0.996707 -0.003871 -0.080996 374.482635
-0.052495 0.045460 -0.997586 -54.145847 0.008299 0.998949 0.045085 1.561635 0.998587 -0.005913 -0.052817 373.909515
-0.059178 0.045973 -0.997188 -63.370190 0.005333 0.998939 0.045737 1.957712 0.998233 -0.002612 -0.059361 373.342621
-0.085749 0.039167 -0.995547 -72.870308 0.003036 0.999233 0.039050 4.911705 0.996312 0.000326 -0.085802 371.310089
-0.054046 0.044508 -0.997546 -81.864510 -0.004932 0.998982 0.044839 5.257811 0.998526 0.007343 -0.053772 370.617676
-0.008658 0.046395 -0.998886 -90.623886 -0.000534 0.998923 0.046402 5.596860 0.999962 0.000935 -0.008624 370.354126
-0.019186 0.045064 -0.998800 -98.105286 0.021761 0.998766 0.044645 5.869936 0.999579 -0.020878 -0.020143 370.251923
-0.087337 0.031032 -0.995695 -104.146591 0.025337 0.999261 0.028920 6.074264 0.995857 -0.022702 -0.088059 369.800537
-0.124043 0.022136 -0.992030 -110.260559 0.019359 0.999615 0.019884 6.210969 0.992088 -0.016738 -0.124424 369.033600
-0.103171 0.039113 -0.993894 -117.383980 0.001385 0.999231 0.039180 6.526346 0.994663 0.002666 -0.103146 368.168732
-0.052923 0.018784 -0.998422 -126.043182 -0.016715 0.999666 0.019694 6.906269 0.998459 0.017731 -0.052591 367.463531
-0.012904 0.034751 -0.999313 -135.872055 0.008381 0.999365 0.034645 7.233489 0.999882 -0.007928 -0.013187 367.200623
-0.042383 0.036277 -0.998443 -145.835785 0.017865 0.999208 0.035546 7.557292 0.998942 -0.016330 -0.042998 366.839905
-0.068147 0.033148 -0.997125 -155.497177 0.014005 0.999381 0.032266 7.880042 0.997577 -0.011766 -0.068569 366.221619
-0.072104 0.040746 -0.996565 -164.953995 0.012825 0.999120 0.039922 8.255152 0.997315 -0.009903 -0.072563 365.482574
-0.061707 0.052116 -0.996733 -173.964600 0.016113 0.998558 0.051214 8.611967 0.997964 -0.012900 -0.062458 364.854034
-0.070356 0.037245 -0.996826 -181.378906 0.032652 0.998853 0.035016 8.892665 0.996987 -0.030085 -0.071492 364.360016
-0.202747 0.043598 -0.978260 -187.100998 0.037416 0.998624 0.036751 9.081581 0.978516 -0.029152 -0.204099 363.545624
-0.669927 0.056773 -0.740253 -191.375229 0.054294 0.998149 0.027417 9.197811 0.740439 -0.021824 -0.671769 360.878784
-0.982527 0.061353 -0.175718 -193.249451 0.060279 0.998116 0.011448 9.296610 0.176090 0.000656 -0.984374 355.721313
-0.997337 0.056888 0.045637 -193.152145 0.056014 0.998225 -0.020219 9.311240 -0.046707 -0.017609 -0.998753 349.175964
-0.993622 0.043790 0.103914 -192.406067 0.042620 0.999001 -0.013449 9.202649 -0.104399 -0.008934 -0.994496 341.415131
-0.994884 0.027795 0.097128 -191.383896 0.026337 0.999521 -0.016264 9.053420 -0.097533 -0.013623 -0.995139 332.472198
-0.996717 0.025439 0.076871 -190.539246 0.025153 0.999673 -0.004684 8.994173 -0.076965 -0.002735 -0.997030 323.074158
-0.998264 0.017224 0.056321 -189.859802 0.016736 0.999818 -0.009130 8.937563 -0.056468 -0.008171 -0.998371 313.557526
-0.997955 0.011229 0.062926 -187.888611 0.011426 0.999931 0.002770 7.780989 -0.062891 0.003483 -0.998014 305.229889
-0.998824 0.015926 0.045796 -187.337997 0.016023 0.999870 0.001757 7.777170 -0.045762 0.002489 -0.998949 295.845490
-0.997282 0.021180 0.070570 -186.680664 0.021261 0.999774 0.000389 7.778590 -0.070546 0.001889 -0.997507 286.449860
-0.997701 0.035017 0.058022 -185.955017 0.035523 0.999339 0.007715 7.791086 -0.057713 0.009759 -0.998286 276.764801
-0.997191 0.030875 0.068245 -185.265686 0.031325 0.999494 0.005546 7.857276 -0.068039 0.007668 -0.997653 266.896423
-0.995575 0.034523 0.087400 -184.406509 0.033849 0.999385 -0.009179 7.850706 -0.087663 -0.006180 -0.996131 256.830170
-0.996443 0.041620 0.073271 -183.495514 0.041748 0.999128 0.000204 7.834640 -0.073199 0.003262 -0.997312 246.796249
-0.996330 0.056780 0.064045 -182.799164 0.057241 0.998346 0.005383 7.808236 -0.063634 0.009029 -0.997933 237.299088
-0.998866 0.032629 0.034672 -182.327972 0.032819 0.999449 0.004918 7.782822 -0.034493 0.006050 -0.999387 228.955154
-0.998123 0.048017 0.038007 -182.095123 0.048151 0.998837 0.002636 7.761806 -0.037836 0.004462 -0.999274 222.414719
-0.955930 0.050138 0.289282 -181.190933 0.049677 0.998725 -0.008941 7.713337 -0.289361 0.005824 -0.957202 217.890732
-0.685058 0.035672 0.727615 -178.303894 0.036798 0.999220 -0.014341 7.631019 -0.727558 0.016950 -0.685836 214.440247
-0.190369 0.028283 0.981305 -172.809189 0.004039 0.999599 -0.028027 7.511108 -0.981704 -0.001372 -0.190407 212.500656
0.001015 0.030906 0.999522 -165.720596 -0.003087 0.999518 -0.030903 7.306951 -0.999995 -0.003054 0.001110 212.392944
0.026415 0.036405 0.998988 -157.699234 0.012638 0.999245 -0.036748 7.024258 -0.999571 0.013596 0.025935 212.589005
0.051605 0.025808 0.998334 -148.835556 0.022480 0.999383 -0.026997 6.730798 -0.998415 0.023836 0.050993 212.969666
0.097650 0.020561 0.995008 -139.773209 0.004836 0.999765 -0.021134 6.477310 -0.995209 0.006875 0.097528 213.752487
0.086556 0.033999 0.995667 -130.994675 -0.020941 0.999259 -0.032301 6.209787 -0.996027 -0.018054 0.087204 214.634842
0.040343 0.037361 0.998487 -123.598885 -0.022382 0.999084 -0.036479 5.927905 -0.998935 -0.020877 0.041142 215.148193
0.001780 0.025727 0.999667 -117.468056 -0.014410 0.999566 -0.025699 5.675133 -0.999895 -0.014360 0.002150 215.243866
0.143536 0.036067 0.988988 -111.584076 0.011123 0.999214 -0.038054 5.492655 -0.989583 0.016463 0.143022 215.712967
0.552627 0.024521 0.833068 -106.557411 -0.002967 0.999619 -0.027455 5.328447 -0.833423 0.012701 0.552489 218.027222
0.895362 0.006580 0.445291 -103.554443 0.005347 0.999660 -0.025524 5.192094 -0.445307 0.025234 0.895022 222.418579
0.977763 0.050419 0.203560 -102.400246 -0.049120 0.998727 -0.011432 5.123026 -0.203877 0.001178 0.978996 227.496414
0.918481 0.020295 0.394945 -100.997543 -0.022245 0.999752 0.000359 5.045332 -0.394840 -0.009116 0.918705 232.123489
0.558370 0.024065 0.829243 -98.129089 -0.002247 0.999619 -0.027496 4.937085 -0.829589 0.013489 0.558211 234.684967
0.186591 0.030097 0.981977 -94.252342 0.006593 0.999470 -0.031886 4.822153 -0.982416 0.012424 0.186293 235.610931
0.084222 0.036231 0.995788 -88.890068 0.015722 0.999166 -0.037683 4.622075 -0.996323 0.018830 0.083582 236.117416
0.062420 0.041429 0.997190 -81.868050 0.010317 0.999058 -0.042153 4.378817 -0.997997 0.012919 0.061934 236.639404
0.040862 0.046480 0.998083 -73.691254 0.014495 0.998785 -0.047106 4.049670 -0.999060 0.016392 0.040139 237.082291
0.057079 0.043761 0.997410 -64.863518 0.021692 0.998749 -0.045061 3.663559 -0.998134 0.024208 0.056058 237.513611
0.072047 0.050203 0.996137 -56.117321 0.018517 0.998493 -0.051661 3.265253 -0.997229 0.022167 0.071009 238.129623
0.076575 0.037852 0.996345 -47.774548 0.023580 0.998931 -0.039762 2.900875 -0.996785 0.026538 0.075601 238.768829
0.088298 0.033259 0.995539 -39.978699 0.016025 0.999266 -0.034805 2.542982 -0.995965 0.019027 0.087700 239.432816
0.079217 0.034347 0.996266 -33.097179 0.005731 0.999374 -0.034910 2.255330 -0.996841 0.008475 0.078970 240.054672
0.027636 0.034821 0.999012 -27.554337 0.002729 0.999387 -0.034909 2.006244 -0.999615 0.003691 0.027524 240.358429
-0.076591 0.033616 0.996496 -23.752890 0.023675 0.999211 -0.031888 1.848795 -0.996781 0.021150 -0.077327 240.179703
-0.208978 0.035814 0.977264 -21.735188 0.032647 0.999028 -0.029631 1.769982 -0.977375 0.025713 -0.209944 239.762070
-0.396358 0.053470 0.916538 -20.012562 0.031878 0.998502 -0.044466 1.704602 -0.917542 0.011593 -0.397469 239.012314
-0.769968 0.053633 0.635825 -17.576248 0.035189 0.998514 -0.041613 1.596449 -0.637112 -0.009667 -0.770711 236.561966
-0.983910 0.061351 0.167798 -16.175234 0.058510 0.998048 -0.021831 1.499532 -0.168810 -0.011662 -0.985580 231.556412
-0.997300 0.070149 0.021747 -15.794868 0.069980 0.997513 -0.008404 1.457041 -0.022282 -0.006859 -0.999728 224.281403
-0.996023 0.084852 0.027168 -15.559939 0.084473 0.996316 -0.014822 1.430226 -0.028325 -0.012468 -0.999521 215.073288
-0.994885 0.082069 0.058885 -15.010159 0.081394 0.996587 -0.013783 1.304310 -0.059815 -0.008920 -0.998170 204.379837
-0.994730 0.077087 0.067601 -14.214245 0.076459 0.997003 -0.011830 1.149197 -0.068310 -0.006599 -0.997642 192.890076
-0.995880 0.072880 0.053959 -13.452577 0.072732 0.997340 -0.004712 1.052316 -0.054159 -0.000768 -0.998532 180.903275
-0.996224 0.075644 0.042609 -12.824016 0.075370 0.997123 -0.008025 0.944785 -0.043093 -0.004783 -0.999060 168.267990
-0.995466 0.082598 0.047173 -12.209295 0.082207 0.996563 -0.010184 0.803019 -0.047853 -0.006260 -0.998835 155.174042
-0.995016 0.083129 0.055069 -11.476080 0.082865 0.996536 -0.007069 0.646405 -0.055466 -0.002470 -0.998458 142.063400
-0.994592 0.082633 0.062910 -10.662040 0.082939 0.996552 0.002256 0.575657 -0.062507 0.007462 -0.998017 129.172455
-0.994949 0.080849 0.059504 -9.859550 0.080922 0.996720 -0.001189 0.475713 -0.059405 0.003632 -0.998227 116.945473
-0.995450 0.082247 0.048115 -9.282517 0.082351 0.996603 0.000170 0.359684 -0.047938 0.004131 -0.998842 106.578529
-0.991382 0.098823 0.086000 -8.831388 0.099731 0.994994 0.006325 0.310860 -0.084944 0.014847 -0.996275 98.623802
-0.895089 0.070770 0.440235 -7.056039 0.071401 0.997333 -0.015153 0.202632 -0.440133 0.017871 -0.897755 92.972420
-0.512025 0.032653 0.858350 -3.134730 0.034071 0.999263 -0.017690 0.103349 -0.858295 0.020187 -0.512760 89.546059
-0.084541 0.035074 0.995803 1.997167 0.010492 0.999356 -0.034308 -0.056503 -0.996365 0.007548 -0.084854 88.712234
-0.016086 0.038686 0.999122 7.847688 0.021038 0.999043 -0.038345 -0.278886 -0.999649 0.020402 -0.016885 88.634026
0.017019 0.035918 0.999210 15.122625 0.051570 0.997993 -0.036752 -0.527349 -0.998524 0.052154 0.015133 88.625359
0.088211 0.038546 0.995356 23.811443 0.016315 0.999061 -0.040135 -0.865152 -0.995968 0.019780 0.087500 89.290710
-0.010537 0.038512 0.999203 32.495087 0.006416 0.999240 -0.038446 -1.222345 -0.999924 0.006006 -0.010776 89.605782
-0.060836 0.046126 0.997082 41.065609 0.017457 0.998828 -0.045142 -1.579071 -0.997995 0.014660 -0.061570 89.145233
-0.087566 0.042670 0.995245 50.154842 -0.008016 0.999020 -0.043537 -1.966673 -0.996127 -0.011790 -0.087138 88.601776
-0.280428 0.044029 0.958865 58.950699 0.018184 0.999012 -0.040554 -2.400106 -0.959703 0.006064 -0.280951 86.863220
-0.331191 0.048041 0.942340 67.404495 0.030186 0.998731 -0.040307 -2.690282 -0.943081 0.015096 -0.332221 83.971016
-0.426940 0.063773 0.902028 76.088501 0.040764 0.997853 -0.051253 -3.019930 -0.903360 0.014889 -0.428624 80.413605
-0.452527 0.048137 0.890451 84.969551 0.031784 0.998778 -0.037840 -3.432604 -0.891184 0.011178 -0.453504 75.990585
-0.563402 0.036822 0.825362 93.322456 0.017073 0.999312 -0.032928 -3.798742 -0.826006 -0.004460 -0.563643 71.031471
-0.630119 0.048443 0.774986 100.609016 0.042399 0.998710 -0.027954 -4.119146 -0.775341 0.015244 -0.631359 65.378029
-0.593560 0.054376 0.802951 106.756500 0.048629 0.998315 -0.031658 -4.395286 -0.803320 0.020256 -0.595204 60.699944
-0.628558 0.052687 0.775976 112.119545 0.043879 0.998516 -0.032253 -4.630592 -0.776524 0.013776 -0.629938 56.516834
-0.601892 0.036869 0.797726 117.835793 0.035308 0.999185 -0.019540 -4.819563 -0.797797 0.016406 -0.602704 52.031868
-0.576655 0.025707 0.816583 124.603401 -0.001997 0.999457 -0.032874 -5.047183 -0.816985 -0.020588 -0.576291 47.259583
-0.591034 0.004238 0.806636 132.200424 -0.009534 0.999880 -0.012239 -5.295218 -0.806590 -0.014924 -0.590923 41.823608
-0.572933 0.023839 0.819256 140.098099 0.010032 0.999706 -0.022073 -5.510762 -0.819541 -0.004428 -0.573004 36.217842
-0.587772 0.015354 0.808881 147.919510 -0.018417 0.999307 -0.032351 -5.708020 -0.808817 -0.033912 -0.587082 30.733631
-0.589470 0.009218 0.807738 155.393997 -0.010168 0.999771 -0.018829 -5.974400 -0.807726 -0.019312 -0.589241 25.395369
-0.619543 0.035609 0.784155 161.498459 0.010961 0.999266 -0.036718 -6.252046 -0.784887 -0.014153 -0.619478 20.792349
-0.371898 0.052744 0.926774 166.616638 0.043417 0.998280 -0.039391 -6.496611 -0.927258 0.025588 -0.373548 17.898453
-0.026876 0.033741 0.999069 172.456909 0.001405 0.999430 -0.033716 -6.746964 -0.999638 0.000497 -0.026908 17.290989
-0.028328 0.048770 0.998408 179.048569 -0.027564 0.998391 -0.049552 -7.003931 -0.999219 -0.028924 -0.026938 17.266201
-0.073638 0.041912 0.996404 186.319412 -0.029455 0.998589 -0.044181 -7.321825 -0.996850 -0.032602 -0.072300 16.850975
-0.063534 0.038775 0.997226 193.973770 -0.031597 0.998666 -0.040844 -7.615190 -0.997479 -0.034105 -0.062224 16.406113
-0.082503 0.046111 0.995524 201.975708 -0.031343 0.998315 -0.048838 -7.961186 -0.996098 -0.035232 -0.080919 15.875489
-0.071165 0.036887 0.996782 210.399704 -0.015250 0.999159 -0.038064 -8.319018 -0.997348 -0.017910 -0.070543 15.265288
-0.073199 0.038890 0.996559 218.958755 -0.032778 0.998606 -0.041378 -8.706278 -0.996779 -0.035695 -0.071823 14.753514
-0.068438 0.035238 0.997033 227.760132 -0.023246 0.999048 -0.036905 -9.062068 -0.997385 -0.025703 -0.067554 14.151745
-0.083143 0.027256 0.996165 236.809570 -0.027147 0.999193 -0.029605 -9.416121 -0.996168 -0.029505 -0.082336 13.510043
-0.076137 0.047227 0.995978 245.737930 -0.026323 0.998434 -0.049356 -9.792688 -0.996750 -0.029975 -0.074775 12.839790
-0.057433 0.037283 0.997653 254.271988 -0.017732 0.999107 -0.038358 -10.181415 -0.998192 -0.019894 -0.056721 12.353173
-0.057898 0.040289 0.997509 261.862610 -0.019840 0.998942 -0.041498 -10.502857 -0.998125 -0.022194 -0.057037 11.972152
-0.157857 0.024829 0.987150 268.151764 0.003224 0.999691 -0.024629 -10.794538 -0.987457 -0.000706 -0.157888 11.271253
-0.217595 0.036649 0.975351 272.700378 0.034856 0.998949 -0.029760 -10.966990 -0.975417 0.027521 -0.218644 10.308475
-0.031372 0.041168 0.998660 275.526825 0.023656 0.998902 -0.040435 -11.089454 -0.999228 0.022356 -0.032311 10.093002
0.423401 0.031133 0.905407 277.973602 0.003048 0.999355 -0.035788 -11.178790 -0.905937 0.017912 0.423033 11.156732
0.873479 0.040384 0.485184 280.023102 -0.036769 0.999180 -0.016971 -11.242968 -0.485471 -0.003015 0.874247 14.243728
0.982964 0.056863 0.174782 281.232025 -0.056391 0.998379 -0.007670 -11.241138 -0.174935 -0.002316 0.984577 19.559441
0.996796 0.068735 0.040913 281.709991 -0.068421 0.997616 -0.009044 -11.252534 -0.041437 0.006216 0.999122 26.948528
0.996919 0.054923 0.056001 282.085175 -0.054856 0.998491 -0.002740 -11.267697 -0.056067 -0.000341 0.998427 35.977402
0.996550 0.049927 0.066297 282.685028 -0.049182 0.998708 -0.012822 -11.332187 -0.066852 0.009517 0.997718 45.819168
0.996012 0.066108 0.059919 283.265991 -0.066343 0.997795 0.001933 -11.321307 -0.059659 -0.005900 0.998201 55.985569
0.993848 0.077732 0.078894 283.918121 -0.078784 0.996838 0.010309 -11.344080 -0.077843 -0.016461 0.996830 66.190979
0.995522 0.074901 0.057676 284.547699 -0.074817 0.997191 -0.003616 -11.371883 -0.057785 -0.000715 0.998329 76.408150
0.995387 0.071629 0.063821 285.094879 -0.070914 0.997392 -0.013407 -11.442801 -0.064615 0.008819 0.997871 86.559692
0.994226 0.062414 0.087293 285.777405 -0.063119 0.997992 0.005338 -11.509683 -0.086784 -0.010817 0.996168 96.594933
0.989194 0.041505 0.140617 286.885468 -0.041657 0.999130 -0.001862 -11.576606 -0.140572 -0.004016 0.990062 106.574181
0.989516 0.037359 0.139507 288.297638 -0.037805 0.999285 0.000545 -11.650020 -0.139387 -0.005813 0.990221 116.290337
0.991933 0.002211 0.126747 289.445038 -0.001855 0.999994 -0.002928 -11.698857 -0.126753 0.002670 0.991931 125.491211
0.981013 0.006779 0.193825 290.730347 -0.007295 0.999972 0.001948 -11.725327 -0.193806 -0.003325 0.981034 133.590179
0.969442 0.010328 0.245101 292.235413 -0.010027 0.999947 -0.002477 -11.808311 -0.245114 -0.000056 0.969494 139.715652
0.998973 -0.004382 0.045100 292.993195 0.004739 0.999958 -0.007816 -11.838590 -0.045064 0.008022 0.998952 145.163391
0.880452 0.005632 -0.474102 291.271118 0.002879 0.999848 0.017223 -11.805144 0.474126 -0.016529 0.880302 150.320724
0.501105 0.023256 -0.865074 286.431580 -0.007165 0.999716 0.022725 -11.585471 0.865357 -0.005189 0.501130 154.131546
0.432602 0.049840 -0.900207 279.766449 -0.038870 0.998573 0.036607 -11.298445 0.900747 0.019155 0.433922 157.239105
0.463114 0.046012 -0.885104 272.646301 -0.044716 0.998593 0.028514 -11.185948 0.885170 0.026373 0.464520 161.088425
0.503665 0.055288 -0.862128 264.108307 -0.049867 0.998147 0.034878 -10.863186 0.862459 0.025425 0.505489 165.716507
0.570199 0.032640 -0.820858 255.986923 -0.009902 0.999411 0.032861 -10.588613 0.821447 -0.010609 0.570187 171.047485
0.514951 0.021319 -0.856954 247.578934 0.018262 0.999191 0.035832 -10.240508 0.857025 -0.034101 0.514145 176.393356
0.456174 0.019532 -0.889676 238.793228 0.046054 0.997901 0.045522 -9.858004 0.888698 -0.061739 0.454318 181.135773
0.462935 0.012592 -0.886303 230.000397 0.029297 0.999135 0.029497 -9.537008 0.885908 -0.039621 0.462165 185.602570
0.460929 0.023729 -0.887120 221.668396 0.029128 0.998699 0.041849 -9.232514 0.886959 -0.045130 0.459638 189.946869
0.444528 0.018324 -0.895577 214.237778 0.032382 0.998809 0.036509 -8.970024 0.895179 -0.045230 0.443405 193.682678
0.440241 0.025066 -0.897530 208.361404 0.022917 0.998971 0.039139 -8.754574 0.897587 -0.037799 0.439214 196.552078
0.503868 0.038069 -0.862941 204.666382 0.019618 0.998266 0.055494 -8.607768 0.863558 -0.044891 0.502248 198.570190
0.585320 0.020006 -0.810555 202.663391 0.012176 0.999366 0.033458 -8.532386 0.810711 -0.029453 0.584705 200.032318
0.633785 0.012978 -0.773400 200.238785 -0.006447 0.999913 0.011496 -8.451560 0.773482 -0.002300 0.633814 202.024689
0.569308 0.031611 -0.821516 195.856384 0.006424 0.999059 0.042894 -8.255640 0.822099 -0.029697 0.568569 205.186066
0.483309 0.015537 -0.875312 189.769760 0.051936 0.997573 0.046384 -7.977100 0.873908 -0.067878 0.481329 208.745087
0.472587 0.009179 -0.881236 182.611176 0.037389 0.998837 0.030455 -7.635190 0.880491 -0.047341 0.471694 212.591934
0.474746 0.022239 -0.879842 174.842041 0.035587 0.998378 0.044437 -7.286149 0.879403 -0.052408 0.473185 216.764008
0.469897 0.016717 -0.882563 167.179443 0.041585 0.998291 0.041050 -6.966698 0.881741 -0.055990 0.468399 220.826309
0.435232 0.022648 -0.900034 160.696655 0.042136 0.998076 0.045491 -6.734423 0.899332 -0.057724 0.433440 224.099823
0.189430 0.030115 -0.981432 155.104965 0.037131 0.998595 0.037809 -6.575655 0.981192 -0.043604 0.188045 225.817261
-0.074778 0.057220 -0.995557 149.194809 0.008494 0.998353 0.056743 -6.325791 0.997164 -0.004213 -0.075141 225.669586
-0.091458 0.053321 -0.994380 142.049057 0.028912 0.998287 0.050872 -5.927305 0.995389 -0.024097 -0.092843 224.936157
-0.054006 0.052284 -0.997171 133.258362 0.042803 0.997832 0.050000 -5.507405 0.997623 -0.039982 -0.056127 224.281708
-0.054645 0.048408 -0.997332 123.207420 0.056385 0.997380 0.045321 -5.099653 0.996913 -0.053758 -0.057231 223.708588
-0.072476 0.041353 -0.996512 113.022667 0.052931 0.997892 0.037561 -4.692134 0.995965 -0.050024 -0.074512 222.985275
-0.064929 0.046467 -0.996808 103.145691 0.069711 0.996686 0.041921 -4.330289 0.995452 -0.066766 -0.067953 222.276947
-0.074960 0.052163 -0.995821 93.606133 0.083709 0.995435 0.045841 -3.971089 0.993667 -0.079923 -0.078984 221.613983
-0.089111 0.054076 -0.994553 85.120667 0.065643 0.996673 0.048310 -3.640611 0.993856 -0.060981 -0.092364 220.847549
0.041531 0.049916 -0.997890 78.508774 0.060542 0.996790 0.052380 -3.347181 0.997301 -0.062590 0.038375 220.664124
0.452138 0.038006 -0.891138 72.936867 -0.000876 0.999110 0.042166 -3.074461 0.891948 -0.018284 0.451769 222.333420
0.866672 0.012177 -0.498729 69.253792 -0.010300 0.999926 0.006517 -2.861110 0.498771 -0.000511 0.866733 226.835541
0.994266 -0.002108 -0.106917 67.827385 0.000365 0.999867 -0.016317 -2.854084 0.106937 0.016184 0.994134 233.393356
0.998707 -0.028845 -0.041865 67.440132 0.028951 0.999579 0.001913 -2.823675 0.041792 -0.003122 0.999121 241.265228
0.996991 -0.050924 -0.058440 66.997131 0.051449 0.998647 0.007503 -2.864514 0.057979 -0.010487 0.998263 249.999023
0.998364 -0.021602 -0.052944 66.409737 0.022086 0.999720 0.008556 -2.855669 0.052744 -0.009711 0.998561 259.471497
0.997857 -0.024218 -0.060778 65.780251 0.024211 0.999707 -0.000854 -2.830688 0.060781 -0.000619 0.998151 269.939178
0.997360 -0.025642 -0.067944 65.079514 0.025242 0.999659 -0.006732 -2.821981 0.068094 0.005000 0.997666 280.590546
0.997902 -0.006865 -0.064377 64.337326 0.007176 0.999964 0.004599 -2.831948 0.064343 -0.005051 0.997915 291.167023
0.997733 -0.008054 -0.066820 63.627766 0.008291 0.999960 0.003282 -2.839529 0.066791 -0.003829 0.997760 301.539185
0.995125 -0.014770 -0.097508 62.747334 0.015098 0.999883 0.002629 -2.800888 0.097457 -0.004089 0.995231 311.617554
0.990316 0.028011 -0.135974 61.485882 -0.027351 0.999603 0.006718 -2.790586 0.136108 -0.002934 0.990690 321.553864
0.994257 0.055159 -0.091710 60.298283 -0.055275 0.998470 0.001273 -2.741390 0.091640 0.003804 0.995785 331.526031
0.997308 0.046653 -0.056565 59.538750 -0.046674 0.998910 0.000950 -2.742813 0.056548 0.001693 0.998398 341.719696
0.998017 0.035663 -0.051862 58.954552 -0.035281 0.999343 0.008271 -2.724723 0.052123 -0.006425 0.998620 351.837524
0.998945 0.038040 -0.025714 58.534649 -0.038100 0.999272 -0.001848 -2.733687 0.025625 0.002826 0.999668 361.030548
0.999834 0.017876 0.003425 58.477283 -0.017856 0.999823 -0.005934 -2.766312 -0.003530 0.005872 0.999977 368.686096
0.997168 0.000211 -0.075207 58.209808 -0.000302 0.999999 -0.001192 -2.781304 0.075207 0.001211 0.997167 375.437073
0.988617 0.045866 -0.143295 57.169098 -0.045588 0.998947 0.005220 -2.748281 0.143383 0.001372 0.989666 382.706268
0.998023 0.042559 -0.046238 56.377571 -0.043447 0.998887 -0.018367 -2.742018 0.045405 0.020340 0.998762 391.428406
0.999321 0.026629 -0.025456 56.084595 -0.026698 0.999641 -0.002404 -2.748979 0.025383 0.003082 0.999673 401.530304
0.998258 0.018428 -0.056042 55.544128 -0.018194 0.999824 0.004672 -2.755400 0.056118 -0.003645 0.998417 412.256561
0.997956 0.020713 -0.060459 54.876537 -0.020270 0.999763 0.007926 -2.733858 0.060608 -0.006684 0.998139 422.867798
0.998141 0.022850 -0.056495 54.248077 -0.022987 0.999734 -0.001777 -2.775869 0.056439 0.003073 0.998401 432.998169
0.992904 0.024185 -0.116435 53.424072 -0.023503 0.999698 0.007228 -2.783923 0.116574 -0.004440 0.993172 441.727173
0.982873 0.062701 -0.173288 52.252041 -0.060524 0.998008 0.017822 -2.771100 0.174060 -0.007028 0.984710 448.698303
0.971905 0.080134 0.221312 52.499397 -0.078826 0.996779 -0.014751 -2.803674 -0.221781 -0.003108 0.975092 453.802551
0.601548 0.028803 0.798317 55.391991 -0.006816 0.999498 -0.030925 -2.951979 -0.798808 0.013161 0.601443 456.827728
0.108936 0.046936 0.992940 59.761742 0.005960 0.998836 -0.047869 -3.097239 -0.994031 0.011133 0.108529 457.643097
0.054822 0.041337 0.997640 65.677307 0.022301 0.998843 -0.042612 -3.318545 -0.998247 0.024584 0.053836 457.914490
0.076771 0.041741 0.996175 73.204201 0.012776 0.999000 -0.042844 -3.632148 -0.996967 0.016016 0.076161 458.474976
0.070035 0.042214 0.996651 82.030914 0.004907 0.999078 -0.042661 -4.015301 -0.997533 0.007878 0.069763 459.189728
0.065215 0.045670 0.996826 91.590370 0.001454 0.998947 -0.045863 -4.422041 -0.997870 0.004440 0.065080 459.874878
0.058952 0.040680 0.997432 101.392357 0.004908 0.999145 -0.041040 -4.846354 -0.998249 0.007315 0.058702 460.566315
0.060183 0.042739 0.997272 111.080894 0.000662 0.999081 -0.042857 -5.311230 -0.998187 0.003239 0.060100 461.177582
0.073685 0.047386 0.996155 120.374481 -0.003559 0.998877 -0.047252 -5.779176 -0.997275 -0.000063 0.073771 461.827728
0.165839 0.034090 0.985563 129.266541 -0.012701 0.999393 -0.032431 -6.142715 -0.986071 -0.007140 0.166172 463.027435
0.250020 0.038023 0.967494 137.815613 -0.012164 0.999273 -0.036129 -6.470912 -0.968164 -0.002736 0.250300 464.993866
0.344140 0.022297 0.938654 145.911835 0.001941 0.999699 -0.024459 -6.769794 -0.938916 0.010239 0.343993 467.687958
0.416189 0.042453 0.908287 153.614655 -0.002340 0.998956 -0.045619 -7.089837 -0.909275 0.016861 0.415854 470.965942
0.500082 0.053943 0.864296 160.770264 -0.018637 0.998497 -0.051535 -7.448205 -0.865777 0.009664 0.500336 474.820618
0.573403 0.037430 0.818418 166.966171 -0.022785 0.999298 -0.029739 -7.707600 -0.818957 -0.001595 0.573853 478.918549
0.533069 0.034343 0.845374 171.602798 -0.031819 0.999283 -0.020532 -7.910209 -0.845473 -0.015954 0.533780 482.151031
0.310960 0.044099 0.949399 175.207138 -0.012649 0.999026 -0.042262 -8.040172 -0.950339 0.001132 0.311216 483.630310
-0.143184 0.053560 0.988246 178.940292 0.000672 0.998540 -0.054020 -8.233480 -0.989696 -0.007070 -0.143010 483.468842
-0.646620 0.034986 0.762010 183.025452 0.002623 0.999044 -0.043642 -8.409561 -0.762808 -0.026221 -0.646093 480.821289
-0.777612 0.037595 0.627620 187.832733 0.018297 0.999141 -0.037181 -8.628780 -0.628479 -0.017429 -0.777632 475.290619
-0.789377 0.040239 0.612589 193.756561 0.023182 0.999092 -0.035754 -8.927356 -0.613471 -0.014022 -0.789593 467.815979
-0.778768 0.047629 0.625502 200.135406 0.032797 0.998841 -0.035223 -9.318974 -0.626455 -0.006916 -0.779428 459.847900
-0.775529 0.044729 0.629725 206.508163 0.027913 0.998941 -0.036579 -9.719737 -0.630695 -0.010790 -0.775956 452.074707
-0.773844 0.040492 0.632080 212.758270 0.028773 0.999171 -0.028782 -10.088518 -0.632722 -0.004087 -0.774368 444.443298
-0.762727 0.042761 0.645306 219.642441 0.023881 0.998993 -0.037972 -8.842854 -0.646280 -0.013552 -0.762980 436.504242
-0.761430 0.042242 0.646870 226.572418 0.028226 0.999089 -0.032018 -9.197615 -0.647633 -0.006121 -0.761928 428.377380
-0.756107 0.035353 0.653493 233.355545 0.019210 0.999309 -0.031835 -9.606503 -0.654167 -0.011517 -0.756263 420.587555
-0.789287 0.036113 0.612962 239.063568 0.024024 0.999321 -0.027941 -9.929174 -0.613554 -0.007327 -0.789618 413.778900
-0.960647 0.040606 0.274790 241.925720 0.035899 0.999110 -0.022138 -10.164610 -0.275444 -0.011402 -0.961250 408.036682
-0.900652 0.054220 -0.431146 240.785507 0.052543 0.998494 0.015808 -10.190192 0.431353 -0.008416 -0.902144 402.658997
-0.604298 0.050408 -0.795162 236.526321 0.018413 0.998614 0.049313 -9.943472 0.796546 0.015158 -0.604388 398.565613
-0.335546 0.047940 -0.940803 230.040894 0.023704 0.998818 0.042442 -9.577696 0.941726 -0.008059 -0.336285 395.515686
-0.165981 0.049621 -0.984880 221.386749 0.034427 0.998416 0.044501 -9.097951 0.985528 -0.026520 -0.167426 393.487213
-0.115367 0.040238 -0.992508 211.042007 0.038137 0.998622 0.036053 -8.660664 0.992591 -0.033692 -0.116742 392.083221
-0.089390 0.043847 -0.995031 199.915680 0.018257 0.998935 0.042379 -8.217732 0.995829 -0.014378 -0.090095 390.910919
-0.066810 0.047238 -0.996647 188.610077 0.007317 0.998875 0.046854 -7.753641 0.997739 -0.004162 -0.067080 389.993988
-0.056178 0.052228 -0.997054 177.522400 0.013718 0.998577 0.051535 -7.229651 0.998327 -0.010783 -0.056815 389.263824
-0.054346 0.051161 -0.997211 166.846970 0.012195 0.998646 0.050570 -6.708609 0.998448 -0.009413 -0.054896 388.625824
-0.026029 0.047286 -0.998542 156.917068 0.017352 0.998752 0.046844 -6.307801 0.999511 -0.016108 -0.026817 388.159515
-0.062057 0.050298 -0.996805 148.706619 0.041206 0.998007 0.047793 -5.988777 0.997222 -0.038109 -0.064006 387.842957
-0.404084 0.068703 -0.912138 142.900452 0.068936 0.996627 0.044527 -5.760475 0.912121 -0.044886 -0.407457 386.333313
-0.903558 0.079748 -0.420979 140.086899 0.074949 0.996795 0.027961 -5.639982 0.421860 -0.006287 -0.906640 382.482208
-0.996976 0.056564 -0.053280 139.525772 0.056319 0.998394 0.006097 -5.594624 0.053540 0.003078 -0.998561 377.036560
-0.997347 0.070919 0.016446 139.601883 0.070714 0.997415 -0.012770 -5.586061 -0.017309 -0.011573 -0.999783 370.224609
-0.994831 0.083512 0.057768 140.053665 0.083020 0.996489 -0.010871 -5.650116 -0.058473 -0.006019 -0.998271 361.626312
-0.996214 0.061882 0.061065 140.736816 0.061362 0.998062 -0.010355 -5.699728 -0.061588 -0.006569 -0.998080 351.460693
-0.995787 0.061858 0.067695 141.484100 0.060946 0.998021 -0.015458 -5.844007 -0.068517 -0.011267 -0.997586 340.707642
-0.996441 0.058744 0.060457 142.227310 0.058592 0.998273 -0.004292 -5.953506 -0.060605 -0.000734 -0.998162 330.051300
-0.994905 0.081690 0.059088 142.924438 0.081608 0.996657 -0.003807 -5.969377 -0.059201 0.001035 -0.998246 319.011047
-0.995037 0.082084 0.056255 143.655853 0.082077 0.996623 -0.002429 -5.996927 -0.056265 0.002200 -0.998414 307.431396
-0.995224 0.073583 0.064152 144.429276 0.072469 0.997180 -0.019528 -6.103371 -0.065407 -0.014785 -0.997749 295.577545
-0.995247 0.073345 0.064064 145.253311 0.072533 0.997255 -0.014913 -6.200844 -0.064982 -0.010196 -0.997835 283.904572
-0.995272 0.077221 0.058919 145.982132 0.076601 0.996981 -0.012711 -6.281695 -0.059723 -0.008137 -0.998182 272.466888
-0.996254 0.067126 0.054526 146.674881 0.066623 0.997718 -0.010988 -6.270262 -0.055140 -0.007314 -0.998452 261.408783
-0.996047 0.062964 0.062658 147.287064 0.062924 0.998015 -0.002600 -6.301908 -0.062698 0.001353 -0.998032 251.153595
-0.995726 0.049858 0.077738 147.939606 0.050220 0.998734 0.002710 -6.395855 -0.077505 0.006603 -0.996970 242.522034
-0.996105 0.033873 0.081408 148.524231 0.034688 0.999361 0.008611 -6.431920 -0.081065 0.011402 -0.996644 236.005585
-0.983598 0.044390 -0.174830 148.254135 0.043737 0.999014 0.007589 -6.425302 0.174994 -0.000182 -0.984569 231.291245
-0.786936 0.071017 -0.612934 146.101486 0.061156 0.997440 0.037050 -6.307949 0.613997 -0.008329 -0.789265 227.618256
-0.362301 0.052399 -0.930587 141.650238 0.032937 0.998515 0.043400 -6.060247 0.931479 -0.014927 -0.363489 225.198715
-0.098548 0.043206 -0.994194 135.409409 0.037552 0.998507 0.039672 -5.768703 0.994424 -0.033424 -0.100023 224.222031
-0.043233 0.034990 -0.998452 127.120621 0.051001 0.998161 0.032772 -5.403691 0.997763 -0.049505 -0.044938 223.737061
-0.052990 0.050553 -0.997315 117.346954 0.056874 0.997249 0.047528 -4.964038 0.996974 -0.054203 -0.055719 223.201157
-0.075300 0.042017 -0.996275 107.354324 0.057360 0.997640 0.037739 -4.555590 0.995510 -0.054305 -0.077532 222.451767
-0.068017 0.042909 -0.996761 97.584114 0.074799 0.996482 0.037792 -4.225343 0.994877 -0.071986 -0.070987 221.704773
-0.077639 0.052625 -0.995592 88.422546 0.069205 0.996482 0.047275 -3.821511 0.994577 -0.065230 -0.081008 220.988815
-0.055302 0.060109 -0.996659 81.333855 0.067717 0.996114 0.056319 -3.501287 0.996171 -0.064377 -0.059157 220.446960
0.109366 0.047392 -0.992871 76.458191 0.054246 0.997090 0.053568 -3.295234 0.992520 -0.059718 0.106477 220.587738
0.519728 0.029095 -0.853836 72.272240 0.008390 0.999198 0.039155 -3.051941 0.854291 -0.027514 0.519067 222.350876
0.870461 0.006491 -0.492195 69.297615 -0.000917 0.999933 0.011566 -2.905004 0.492237 -0.009616 0.870408 226.288696
0.988297 -0.004282 -0.152481 68.086891 0.002752 0.999944 -0.010244 -2.888604 0.152516 0.009705 0.988253 231.276596
0.996933 -0.027143 -0.073403 67.749458 0.027601 0.999605 0.005227 -2.861468 0.073232 -0.007237 0.997289 236.506332
0.930255 -0.014130 -0.366642 66.445168 0.016494 0.999858 0.003315 -2.853523 0.366543 -0.009131 0.930356 241.524429
0.551954 0.067412 -0.831145 62.984276 -0.039622 0.997721 0.054611 -2.696166 0.832933 0.002789 0.553367 244.729019
0.044241 0.046654 -0.997931 57.939243 -0.000177 0.998909 0.046692 -2.427344 0.999021 -0.001889 0.044201 245.493790
-0.045563 0.037961 -0.998240 51.741081 -0.007823 0.999234 0.038356 -2.147918 0.998931 0.009557 -0.045231 245.165878
